3000000000000000000000000000000000000000000000555555555555555555555555555555555555555555555555555555555555555555555555555555555552222222222222222222222222222222222222222222222222222222222222222222222222222222222222033333333333333333333333333333333333
3000000000000000000000000000000000000000000000055555555555555555555555555555555555555555555555555555555555555555555555555555555552222222222222222222222222222222222222222222222222222222222222222222222222222222222220333333333333333333333333333333333333
3000000000000000000000000000000000000000000000055555555555555555555555555555555555555555555555555555555555555555555555555555555552222222222222222222222222222222222222222222222222222222222222222222222222222222222223333333333333333333333333333333333333
3000000000000000000000000000000000000000000000005555555555555555555555555555555555555555555555555555555555555555555555555555555552222222222222222222222222222222222222222222222222222222222222222222222222222222222233333333333333333333333333333333333333
3000000000000000000000000000000000000000000000000555555555555555555555555555555555555555555555555555555555555555555555555555555552222222222222222222222222222222222222222222222222222222222222222222222222222222222333333333333333333333333333333333333333
3000000000000000000000000000000000000000000000000055555555555555555555555555555555555555555555555555555555555555555555555555555552222222222222222222222222222222222222222222222222222222222222222222222222222222203333333333333333333333333333333333333333
3000000000000000000000000000000000000000000000000005555555555555555555555555555555555555555555555555555555555555555555555555555552222222222222222222222222222222222222222222222222222222222222222222222222222222033333333333333333333333333333333333333333
3000000000000000000000000000000000000000000000000000055555555555555555555555555555555555555555555555555555555555555555555555555552222222222222222222222222222222222222222222222222222222222222222222222222222220333333333333333333333333333333333333333333
3000000000000000000000000000000000000000000000000000005555555555555555555555555555555555555555555555555555555555555555555555555552222222222222222222222222222222222222222222222222222222222222222222222222222203333333333333333333333333333333333333333333
3000000000000000000000000000000000000000000000000000005555555555555555555555555555555555555555555555555555555555555555555555555552222222222222222222222222222222222222222222222222222222222222222222222222222033333333333333333333333333333333333333333333
3000000000000000000000000000000000000000000000000000000555555555555555555555555555555555555555555555555555555555555555555555555552222222222222222222222222222222222222222222222222222222222222222222222222220333333333333333333333333333333333333333333333
3000000000000000000000000000000000000000000000000000000055555555555555555555555555555555555555555555555555555555555555555555555552222222222222222222222222222222222222222222222222222222222222222222222222203333333333333333333333333333333333333333333333
3000000000000000000000000000000000000000000000000000000000555555555555555555555555555555555555555555555555555555555555555555555552222222222222222222222222222222222222222222222222222222222222222222222222033333333333333333333333333333333333333333333333
3000000000000000000000000000000000000000000000000000000000055555555555555555555555555555555555555555555555555555555555555555555552222222222222222222222222222222222222222222222222222222222222222222222222333333333333333333333333333333333333333333333333
3000000000000000000000000000000000000000000000000000000000005555555555555555555555555555555555555555555555555555555555555555555552222222222222222222222222222222222222222222222222222222222222222222222223333333333333333333333333333333333333333333333333
3000000000000000000000000000000000000000000000000000000000000555555555555555555555555555555555555555555555555555555555555555555552222222222222222222222222222222222222222222222222222222222222222222222233333333333333333333333333333333333333333333333333
3000000000000000000000000000000000000000000000000000000000000055555555555555555555555555555555555555555555555555555555555555555552222222222222222222222222222222222222222222222222222222222222222222222333333333333333333333333333333333333333333333333333
3000000000000000000000000000000000000000000000000000000000000005555555555555555555555555555555555555555555555555555555555555555552222222222222222222222222222222222222222222222222222222222222222222223333333333333333333333333333333333333333333333333333
3000000000000000000000000000000000000000000000000000000000000000555555555555555555555555555555555555555555555555555555555555555552222222222222222222222222222222222222222222222222222222222222222222233333333333333333333333333333333333333333333333333333
3000000000000000000000000000000000000000000000000000000000000000055555555555555555555555555555555555555555555555555555555555555552222222222222222222222222222222222222222222222222222222222222222222333333333333333333333333333333333333333333333333333333
3000000000000000000000000000000000000000000000000000000000000000005555555555555555555555555555555555555555555555555555555555555552222222222222222222222222222222222222222222222222222222222222222223333333333333333333333333333333333333333333333333333333
3000000000000000000000000000000000000000000000000000000000000000000555555555555555555555555555555555555555555555555555555555555552222222222222222222222222222222222222222222222222222222222222222233333333333333333333333333333333333333333333333333333333
3000000000000000000000000000000000000000000000000000000000000000000055555555555555555555555555555555555555555555555555555555555552222222222222222222222222222222222222222222222222222222222222222333333333333333333333333333333333333333333333333333333333
3000000000000000000000000000000000000000000000000000000000000000000005555555555555555555555555555555555555555555555555555555555552222222222222222222222222222222222222222222222222222222222222223333333333333333333333333333333333333333333333333333333333
3000000000000000000000000000000000000000000000000000000000000000000000555555555555555555555555555555555555555555555555555555555552222222222222222222222222222222222222222222222222222222222222233333333333333333333333333333333333333333333333333333333333
3000000000000000000000000000000000000000000000000000000000000000000000555555555555555555555555555555555555555555555555555555555552222222222222222222222222222222222222222222222222222222222222333333333333333333333333333333333333333333333333333333333333
3000000000000000000000000000000000000000000000000000000000000000000000055555555555555555555555555555555555555555555555555555555552222222222222222222222222222222222222222222222222222222222223333333333333333333333333333333333333333333333333333333333333
3000000000000000000000000000000000000000000000000000000000000000000000005555555555555555555555555555555555555555555555555555555552222222222222222222222222222222222222222222222222222222222233333333333333333333333333333333333333333333333333333333333333
3000000000000000000000000000000000000000000000000000000000000000000000000555555555555555555555555555555555555555555555555555555552222222222222222222222222222222222222222222222222222222222033333333333333333333333333333333333333333333333333333333333333
3000000000000000000000000000000000000000000000000000000000000000000000000055555555555555555555555555555555555555555555555555555552222222222222222222222222222222222222222222222222222222220333333333333333333333333333333333333333333333333333333333333333
3000000000000000000000000000000000000000000000000000000000000000000000000005555555555555555555555555555555555555555555555555555552222222222222222222222222222222222222222222222222222222203333333333333333333333333333333333333333333333333333333333333333
3000000000000000000000000000000000000000000000000000000000000000000000000000555555555555555555555555555555555555555555555555555552222222222222222222222222222222222222222222222222222222033333333333333333333333333333333333333333333333333333333333333333
3000000000000000000000000000000000000000000000000000000000000000000000000000055555555555555555555555555555555555555555555555555552222222222222222222222222222222222222222222222222222220333333333333333333333333333333333333333333333333333333333333333333
3000000000000000000000000000000000000000000000000000000000000000000000000000005555555555555555555555555555555555555555555555555552222222222222222222222222222222222222222222222222222203333333333333333333333333333333333333333333333333333333333333333333
3000000000000000000000000000000000000000000000000000000000000000000000000000000555555555555555555555555555555555555555555555555552222222222222222222222222222222222222222222222222222033333333333333333333333333333333333333333333333333333333333333333333
3000000000000000000000000000000000000000000000000000000000000000000000000000000055555555555555555555555555555555555555555555555552222222222222222222222222222222222222222222222222220333333333333333333333333333333333333333333333333333333333333333333333
3000000000000000000000000000000000000000000000000000000000000000000000000000000005555555555555555555555555555555555555555555555552222222222222222222222222222222222222222222222222203333333333333333333333333333333333333333333333333333333333333333333333
3000000000000000000000000000000000000000000000000000000000000000000000000000000000555555555555555555555555555555555555555555555552222222222222222222222222222222222222222222222222033333333333333333333333333333333333333333333333333333333333333333333333
3000000000000000000000000000000000000000000000000000000000000000000000000000000000055555555555555555555555555555555555555555555552222222222222222222222222222222222222222222222220333333333333333333333333333333333333333333333333333333333333333333333333
3000000000000000000000000000000000000000000000000000000000000000000000000000000000005555555555555555555555555555555555555555555552222222222222222222222222222222222222222222222203333333333333333333333333333333333333333333333333333333333333333333333333
3000000000000000000000000000000000000000000000000000000000000000000000000000000000000555555555555555555555555555555555555555555552222222222222222222222222222222222222222222222033333333333333333333333333333333333333333333333333333333333333333333333333
3000000000000000000000000000000000000000000000000000000000000000000000000000000000000055555555555555555555555555555555555555555552222222222222222222222222222222222222222222220333333333333333333333333333333333333333333333333333333333333333333333333333
3000000000000000000000000000000000000000000000000000000000000000000000000000000000000025555555555555555555555555555555555555555550000000000000000000000000000000000000000000003333333333333333333333333333333333333333333333333333333333333333333333333333
3000000000000000000000000000000000000000000000000000000000000000000000000000000000000222222222222222222222222222222222222222222221111111111111111111111111111111111111111111103333333333333333333333333333333333333333333333333333333333333333333333333333
3000000000000000000000000000000000000000000000000000000000000000000000000000000000002222222222222222222222222222222222222222222221111111111111111111111111111111111111111111110333333333333333333333333333333333333333333333333333333333333333333333333333
3000000000000000000000000000000000000000000000000000000000000000000000000000000000042222222222222222222222222222222222222222222221111111111111111111111111111111111111111111111033333333333333333333333333333333333333333333333333333333333333333333333333
3000000000000000000000000000000000000000000000000000000000000000000000000000000000022222222222222222222222222222222222222222222221111111111111111111111111111111111111111111111003333333333333333333333333333333333333333333333333333333333333333333333333
3000000000000000000000000000000000000000000000000000000000000000000000000000000000222222222222222222222222222222222222222222222221111111111111111111111111111111111111111111111100333333333333333333333333333333333333333333333333333333333333333333333333
3000000000000000000000000000000000000000000000000000000000000000000000000000000002222222222222222222222222222222222222222222222221111111111111111111111111111111111111111111111110033333333333333333333333333333333333333333333333333333333333333333333333
3000000000000000000000000000000000000000000000000000000000000000000000000000000022222222222222222222222222222222222222222222222221111111111111111111111111111111111111111111111111003333333333333333333333333333333333333333333333333333333333333333333333
3000000000000000000000000000000000000000000000000000000000000000000000000000000222222222222222222222222222222222222222222222222221111111111111111111111111111111111111111111111111100333333333333333333333333333333333333333333333333333333333333333333333
3000000000000000000000000000000000000000000000000000000000000000000000000000002222222222222222222222222222222222222222222222222221111111111111111111111111111111111111111111111111110033333333333333333333333333333333333333333333333333333333333333333333
3000000000000000000000000000000000000000000000000000000000000000000000000000022222222222222222222222222222222222222222222222222221111111111111111111111111111111111111111111111111111003333333333333333333333333333333333333333333333333333333333333333333
3000000000000000000000000000000000000000000000000000000000000000000000000000222222222222222222222222222222222222222222222222222221111111111111111111111111111111111111111111111111111100333333333333333333333333333333333333333333333333333333333333333333
3000000000000000000000000000000000000000000000000000000000000000000000000002222222222222222222222222222222222222222222222222222221111111111111111111111111111111111111111111111111111110033333333333333333333333333333333333333333333333333333333333333333
3000000000000000000000000000000000000000000000000000000000000000000000000022222222222222222222222222222222222222222222222222222221111111111111111111111111111111111111111111111111111111003333333333333333333333333333333333333333333333333333333333333333
3000000000000000000000000000000000000000000000000000000000000000000000000222222222222222222222222222222222222222222222222222222221111111111111111111111111111111111111111111111111111111100333333333333333333333333333333333333333333333333333333333333333
3000000000000000000000000000000000000000000000000000000000000000000000002222222222222222222222222222222222222222222222222222222221111111111111111111111111111111111111111111111111111111110033333333333333333333333333333333333333333333333333333333333333
3000000000000000000000000000000000000000000000000000000000000000000000022222222222222222222222222222222222222222222222222222222221111111111111111111111111111111111111111111111111111111111003333333333333333333333333333333333333333333333333333333333333
3000000000000000000000000000000000000000000000000000000000000000000000222222222222222222222222222222222222222222222222222222222221111111111111111111111111111111111111111111111111111111111100333333333333333333333333333333333333333333333333333333333333
3000000000000000000000000000000000000000000000000000000000000000000002222222222222222222222222222222222222222222222222222222222221111111111111111111111111111111111111111111111111111111111110033333333333333333333333333333333333333333333333333333333333
3000000000000000000000000000000000000000000000000000000000000000000022222222222222222222222222222222222222222222222222222222222221111111111111111111111111111111111111111111111111111111111111003333333333333333333333333333333333333333333333333333333333
3000000000000000000000000000000000000000000000000000000000000000000222222222222222222222222222222222222222222222222222222222222221111111111111111111111111111111111111111111111111111111111111100333333333333333333333333333333333333333333333333333333333
3000000000000000000000000000000000000000000000000000000000000000002222222222222222222222222222222222222222222222222222222222222221111111111111111111111111111111111111111111111111111111111111110033333333333333333333333333333333333333333333333333333333
3000000000000000000000000000000000000000000000000000000000000000022222222222222222222222222222222222222222222222222222222222222221111111111111111111111111111111111111111111111111111111111111111003333333333333333333333333333333333333333333333333333333
3000000000000000000000000000000000000000000000000000000000000000222222222222222222222222222222222222222222222222222222222222222221111111111111111111111111111111111111111111111111111111111111111100333333333333333333333333333333333333333333333333333333
3000000000000000000000000000000000000000000000000000000000000002222222222222222222222222222222222222222222222222222222222222222221111111111111111111111111111111111111111111111111111111111111111110033333333333333333333333333333333333333333333333333333
3000000000000000000000000000000000000000000000000000000000000022222222222222222222222222222222222222222222222222222222222222222221111111111111111111111111111111111111111111111111111111111111111111003333333333333333333333333333333333333333333333333333
3000000000000000000000000000000000000000000000000000000000000222222222222222222222222222222222222222222222222222222222222222222221111111111111111111111111111111111111111111111111111111111111111111100333333333333333333333333333333333333333333333333333
3000000000000000000000000000000000000000000000000000000000002222222222222222222222222222222222222222222222222222222222222222222221111111111111111111111111111111111111111111111111111111111111111111110033333333333333333333333333333333333333333333333333
3000000000000000000000000000000000000000000000000000000000022222222222222222222222222222222222222222222222222222222222222222222221111111111111111111111111111111111111111111111111111111111111111111111003333333333333333333333333333333333333333333333333
3000000000000000000000000000000000000000000000000000000000222222222222222222222222222222222222222222222222222222222222222222222221111111111111111111111111111111111111111111111111111111111111111111111100333333333333333333333333333333333333333333333333
3000000000000000000000000000000000000000000000000000000002222222222222222222222222222222222222222222222222222222222222222222222221111111111111111111111111111111111111111111111111111111111111111111111110033333333333333333333333333333333333333333333333
3000000000000000000000000000000000000000000000000000000022222222222222222222222222222222222222222222222222222222222222222222222221111111111111111111111111111111111111111111111111111111111111111111111111003333333333333333333333333333333333333333333333
3000000000000000000000000000000000000000000000000000000222222222222222222222222222222222222222222222222222222222222222222222222221111111111111111111111111111111111111111111111111111111111111111111111111100333333333333333333333333333333333333333333333
3000000000000000000000000000000000000000000000000000002222222222222222222222222222222222222222222222222222222222222222222222222221111111111111111111111111111111111111111111111111111111111111111111111111110033333333333333333333333333333333333333333333
3000000000000000000000000000000000000000000000000000022222222222222222222222222222222222222222222222222222222222222222222222222221111111111111111111111111111111111111111111111111111111111111111111111111111003333333333333333333333333333333333333333333
3000000000000000000000000000000000000000000000000000222222222222222222222222222222222222222222222222222222222222222222222222222221111111111111111111111111111111111111111111111111111111111111111111111111111100333333333333333333333333333333333333333333
3000000000000000000000000000000000000000000000000002222222222222222222222222222222222222222222222222222222222222222222222222222221111111111111111111111111111111111111111111111111111111111111111111111111111110033333333333333333333333333333333333333333
3000000000000000000000000000000000000000000000000022222222222222222222222222222222222222222222222222222222222222222222222222222221111111111111111111111111111111111111111111111111111111111111111111111111111111003333333333333333333333333333333333333333
3000000000000000000000000000000000000000000000000222222222222222222222222222222222222222222222222222222222222222222222222222222221111111111111111111111111111111111111111111111111111111111111111111111111111111100333333333333333333333333333333333333333
3000000000000000000000000000000000000000000000002222222222222222222222222222222222222222222222222222222222222222222222222222222221111111111111111111111111111111111111111111111111111111111111111111111111111111110033333333333333333333333333333333333333
3000000000000000000000000000000000000000000000022222222222222222222222222222222222222222222222222222222222222222222222222222222221111111111111111111111111111111111111111111111111111111111111111111111111111111111003333333333333333333333333333333333333
3000000000000000000000000000000000000000000000222222222222222222222222222222222222222222222222222222222222222222222222222222222221111111111111111111111111111111111111111111111111111111111111111111111111111111111100333333333333333333333333333333333333
4000000000000000000000000000000000000000000002222222222222222222222222222222222222222222222222222222222222222222222222222222222221111111111111111111111111111111111111111111111111111111111111111111111111111111111110033333333333333333333333333333333333
4222222222222222222222222222222222222222222222222222222222222222222222222222222222222222222222222222222222222222222222222222222221111111111111111111111111111111111111111111111111111111111111111111111111111111111110555555555555555555555555555555555555
4222222222222222222222222222222222222222222222222222222222222222222222222222222222222222222222222222222222222222222222222222222221111111111111111111111111111111111111111111111111111111111111111111111111111111111105555555555555555555555555555555555555
4222222222222222222222222222222222222222222222222222222222222222222222222222222222222222222222222222222222222222222222222222222221111111111111111111111111111111111111111111111111111111111111111111111111111111111055555555555555555555555555555555555555
4222222222222222222222222222222222222222222222222222222222222222222222222222222222222222222222222222222222222222222222222222222221111111111111111111111111111111111111111111111111111111111111111111111111111111110555555555555555555555555555555555555555
4222222222222222222222222222222222222222222222222222222222222222222222222222222222222222222222222222222222222222222222222222222221111111111111111111111111111111111111111111111111111111111111111111111111111111105555555555555555555555555555555555555555
4222222222222222222222222222222222222222222222222222222222222222222222222222222222222222222222222222222222222222222222222222222221111111111111111111111111111111111111111111111111111111111111111111111111111111055555555555555555555555555555555555555555
4222222222222222222222222222222222222222222222222222222222222222222222222222222222222222222222222222222222222222222222222222222221111111111111111111111111111111111111111111111111111111111111111111111111111115555555555555555555555555555555555555555555
4222222222222222222222222222222222222222222222222222222222222222222222222222222222222222222222222222222222222222222222222222222221111111111111111111111111111111111111111111111111111111111111111111111111111155555555555555555555555555555555555555555555
4222222222222222222222222222222222222222222222222222222222222222222222222222222222222222222222222222222222222222222222222222222221111111111111111111111111111111111111111111111111111111111111111111111111111555555555555555555555555555555555555555555555
4222222222222222222222222222222222222222222222222222222222222222222222222222222222222222222222222222222222222222222222222222222221111111111111111111111111111111111111111111111111111111111111111111111111115555555555555555555555555555555555555555555555
4222222222222222222222222222222222222222222222222222222222222222222222222222222222222222222222222222222222222222222222222222222221111111111111111111111111111111111111111111111111111111111111111111111111155555555555555555555555555555555555555555555555
4222222222222222222222222222222222222222222222222222222222222222222222222222222222222222222222222222222222222222222222222222222221111111111111111111111111111111111111111111111111111111111111111111111111555555555555555555555555555555555555555555555555
4222222222222222222222222222222222222222222222222222222222222222222222222222222222222222222222222222222222222222222222222222222221111111111111111111111111111111111111111111111111111111111111111111111115555555555555555555555555555555555555555555555555
4222222222222222222222222222222222222222222222222222222222222222222222222222222222222222222222222222222222222222222222222222222221111111111111111111111111111111111111111111111111111111111111111111111155555555555555555555555555555555555555555555555555
4222222222222222222222222222222222222222222222222222222222222222222222222222222222222222222222222222222222222222222222222222222221111111111111111111111111111111111111111111111111111111111111111111111155555555555555555555555555555555555555555555555555
4222222222222222222222222222222222222222222222222222222222222222222222222222222222222222222222222222222222222222222222222222222221111111111111111111111111111111111111111111111111111111111111111111115555555555555555555555555555555555555555555555555555
4222222222222222222222222222222222222222222222222222222222222222222222222222222222222222222222222222222222222222222222222222222221111111111111111111111111111111111111111111111111111111111111111111155555555555555555555555555555555555555555555555555555
4222222222222222222222222222222222222222222222222222222222222222222222222222222222222222222222222222222222222222222222222222222221111111111111111111111111111111111111111111111111111111111111111111555555555555555555555555555555555555555555555555555555
4222222222222222222222222222222222222222222222222222222222222222222222222222222222222222222222222222222222222222222222222222222221111111111111111111111111111111111111111111111111111111111111111111555555555555555555555555555555555555555555555555555555
4222222222222222222222222222222222222222222222222222222222222222222222222222222222222222222222222222222222222222222222222222222221111111111111111111111111111111111111111111111111111111111111111115555555555555555555555555555555555555555555555555555555
4222222222222222222222222222222222222222222222222222222222222222222222222222222222222222222222222222222222222222222222222222222221111111111111111111111111111111111111111111111111111111111111111055555555555555555555555555555555555555555555555555555555
4222222222222222222222222222222222222222222222222222222222222222222222222222222222222222222222222222222222222222222222222222222221111111111111111111111111111111111111111111111111111111111111110555555555555555555555555555555555555555555555555555555555
4222222222222222222222222222222222222222222222222222222222222222222222222222222222222222222222222222222222222222222222222222222221111111111111111111111111111111111111111111111111111111111111100555555555555555555555555555555555555555555555555555555555
4222222222222222222222222222222222222222222222222222222222222222222222222222222222222222222222222222222222222222222222222222222221111111111111111111111111111111111111111111111111111111111111055555555555555555555555555555555555555555555555555555555555
4222222222222222222222222222222222222222222222222222222222222222222222222222222222222222222222222222222222222222222222222222222221111111111111111111111111111111111111111111111111111111111110555555555555555555555555555555555555555555555555555555555555
4222222222222222222222222222222222222222222222222222222222222222222222222222222222222222222222222222222222222222222222222222222221111111111111111111111111111111111111111111111111111111111105555555555555555555555555555555555555555555555555555555555555
4222222222222222222222222222222222222222222222222222222222222222222222222222222222222222222222222222222222222222222222222222222221111111111111111111111111111111111111111111111111111111111005555555555555555555555555555555555555555555555555555555555555
4222222222222222222222222222222222222222222222222222222222222222222222222222222222222222222222222222222222222222222222222222222221111111111111111111111111111111111111111111111111111111110055555555555555555555555555555555555555555555555555555555555555
4222222222222222222222222222222222222222222222222222222222222222222222222222222222222222222222222222222222222222222222222222222221111111111111111111111111111111111111111111111111111111100555555555555555555555555555555555555555555555555555555555555555
4222222222222222222222222222222222222222222222222222222222222222222222222222222222222222222222222222222222222222222222222222222221111111111111111111111111111111111111111111111111111111005555555555555555555555555555555555555555555555555555555555555555
4222222222222222222222222222222222222222222222222222222222222222222222222222222222222222222222222222222222222222222222222222222221111111111111111111111111111111111111111111111111111110055555555555555555555555555555555555555555555555555555555555555555
4222222222222222222222222222222222222222222222222222222222222222222222222222222222222222222222222222222222222222222222222222222221111111111111111111111111111111111111111111111111111100555555555555555555555555555555555555555555555555555555555555555555
4222222222222222222222222222222222222222222222222222222222222222222222222222222222222222222222222222222222222222222222222222222221111111111111111111111111111111111111111111111111111005555555555555555555555555555555555555555555555555555555555555555555
4222222222222222222222222222222222222222222222222222222222222222222222222222222222222222222222222222222222222222222222222222222221111111111111111111111111111111111111111111111111110055555555555555555555555555555555555555555555555555555555555555555555
4222222222222222222222222222222222222222222222222222222222222222222222222222222222222222222222222222222222222222222222222222222221111111111111111111111111111111111111111111111111100555555555555555555555555555555555555555555555555555555555555555555555
4222222222222222222222222222222222222222222222222222222222222222222222222222222222222222222222222222222222222222222222222222222221111111111111111111111111111111111111111111111111005555555555555555555555555555555555555555555555555555555555555555555555
4222222222222222222222222222222222222222222222222222222222222222222222222222222222222222222222222222222222222222222222222222222221111111111111111111111111111111111111111111111110055555555555555555555555555555555555555555555555555555555555555555555555
4222222222222222222222222222222222222222222222222222222222222222222222222222222222222222222222222222222222222222222222222222222221111111111111111111111111111111111111111111111100555555555555555555555555555555555555555555555555555555555555555555555555
4222222222222222222222222222222222222222222222222222222222222222222222222222222222222222222222222222222222222222222222222222222221111111111111111111111111111111111111111111111005555555555555555555555555555555555555555555555555555555555555555555555555
4222222222222222222222222222222222222222222222222222222222222222222222222222222222222222222222222222222222222222222222222222222221111111111111111111111111111111111111111111110055555555555555555555555555555555555555555555555555555555555555555555555555
4222222222222222222222222222222222222222222222222222222222222222222222222222222222222222222222222222222222222222222222222222222221111111111111111111111111111111111111111111100555555555555555555555555555555555555555555555555555555555555555555555555555
4222222222222222222222222222222222222222222222222222222222222222222222222222222222222022222222222222222222222222222222222222222221111111111111111111111111111111111111111111005555555555555555555555555555555555555555555555555555555555555555555555555555
4222222222222222222222222222222222222222222222222222222222222222222222222222222222222033333333333333333333333333333333333333333330000000000000000000000000000000000000000000005555555555555555555555555555555555555555555555555555555555555555555555555555
4222222222222222222222222222222222222222222222222222222222222222222222222222222222220333333333333333333333333333333333333333333330000000000000000000000000000000000000000000005555555555555555555555555555555555555555555555555555555555555555555555555555
4222222222222222222222222222222222222222222222222222222222222222222222222222222222223333333333333333333333333333333333333333333330000000000000000000000000000000000000000000000555555555555555555555555555555555555555555555555555555555555555555555555555
4222222222222222222222222222222222222222222222222222222222222222222222222222222222233333333333333333333333333333333333333333333330000000000000000000000000000000000000000000000055555555555555555555555555555555555555555555555555555555555555555555555555
4222222222222222222222222222222222222222222222222222222222222222222222222222222222333333333333333333333333333333333333333333333330000000000000000000000000000000000000000000000005555555555555555555555555555555555555555555555555555555555555555555555555
4222222222222222222222222222222222222222222222222222222222222222222222222222222223333333333333333333333333333333333333333333333330000000000000000000000000000000000000000000000000555555555555555555555555555555555555555555555555555555555555555555555555
4222222222222222222222222222222222222222222222222222222222222222222222222222222233333333333333333333333333333333333333333333333330000000000000000000000000000000000000000000000000055555555555555555555555555555555555555555555555555555555555555555555555
4222222222222222222222222222222222222222222222222222222222222222222222222222220333333333333333333333333333333333333333333333333330000000000000000000000000000000000000000000000000005555555555555555555555555555555555555555555555555555555555555555555555
4222222222222222222222222222222222222222222222222222222222222222222222222222203333333333333333333333333333333333333333333333333330000000000000000000000000000000000000000000000000000055555555555555555555555555555555555555555555555555555555555555555555
4222222222222222222222222222222222222222222222222222222222222222222222222222033333333333333333333333333333333333333333333333333330000000000000000000000000000000000000000000000000000055555555555555555555555555555555555555555555555555555555555555555555
4222222222222222222222222222222222222222222222222222222222222222222222222220333333333333333333333333333333333333333333333333333330000000000000000000000000000000000000000000000000000005555555555555555555555555555555555555555555555555555555555555555555
4222222222222222222222222222222222222222222222222222222222222222222222222203333333333333333333333333333333333333333333333333333330000000000000000000000000000000000000000000000000000000555555555555555555555555555555555555555555555555555555555555555555
4222222222222222222222222222222222222222222222222222222222222222222222222033333333333333333333333333333333333333333333333333333330000000000000000000000000000000000000000000000000000000055555555555555555555555555555555555555555555555555555555555555555
4222222222222222222222222222222222222222222222222222222222222222222222220333333333333333333333333333333333333333333333333333333330000000000000000000000000000000000000000000000000000000000555555555555555555555555555555555555555555555555555555555555555
4222222222222222222222222222222222222222222222222222222222222222222222223333333333333333333333333333333333333333333333333333333330000000000000000000000000000000000000000000000000000000000055555555555555555555555555555555555555555555555555555555555555
4222222222222222222222222222222222222222222222222222222222222222222222233333333333333333333333333333333333333333333333333333333330000000000000000000000000000000000000000000000000000000000005555555555555555555555555555555555555555555555555555555555555
4222222222222222222222222222222222222222222222222222222222222222222222333333333333333333333333333333333333333333333333333333333330000000000000000000000000000000000000000000000000000000000000555555555555555555555555555555555555555555555555555555555555
4222222222222222222222222222222222222222222222222222222222222222222220333333333333333333333333333333333333333333333333333333333330000000000000000000000000000000000000000000000000000000000000055555555555555555555555555555555555555555555555555555555555
4222222222222222222222222222222222222222222222222222222222222222222203333333333333333333333333333333333333333333333333333333333330000000000000000000000000000000000000000000000000000000000000005555555555555555555555555555555555555555555555555555555555
4222222222222222222222222222222222222222222222222222222222222222222033333333333333333333333333333333333333333333333333333333333330000000000000000000000000000000000000000000000000000000000000000555555555555555555555555555555555555555555555555555555555
4222222222222222222222222222222222222222222222222222222222222222220333333333333333333333333333333333333333333333333333333333333330000000000000000000000000000000000000000000000000000000000000000055555555555555555555555555555555555555555555555555555555
4222222222222222222222222222222222222222222222222222222222222222203333333333333333333333333333333333333333333333333333333333333330000000000000000000000000000000000000000000000000000000000000000005555555555555555555555555555555555555555555555555555555
4222222222222222222222222222222222222222222222222222222222222222033333333333333333333333333333333333333333333333333333333333333330000000000000000000000000000000000000000000000000000000000000000000555555555555555555555555555555555555555555555555555555
4222222222222222222222222222222222222222222222222222222222222220333333333333333333333333333333333333333333333333333333333333333330000000000000000000000000000000000000000000000000000000000000000000055555555555555555555555555555555555555555555555555555
4222222222222222222222222222222222222222222222222222222222222203333333333333333333333333333333333333333333333333333333333333333330000000000000000000000000000000000000000000000000000000000000000000005555555555555555555555555555555555555555555555555555
4222222222222222222222222222222222222222222222222222222222222033333333333333333333333333333333333333333333333333333333333333333330000000000000000000000000000000000000000000000000000000000000000000005555555555555555555555555555555555555555555555555555
4222222222222222222222222222222222222222222222222222222222220333333333333333333333333333333333333333333333333333333333333333333330000000000000000000000000000000000000000000000000000000000000000000000555555555555555555555555555555555555555555555555555
4222222222222222222222222222222222222222222222222222222222203333333333333333333333333333333333333333333333333333333333333333333330000000000000000000000000000000000000000000000000000000000000000000000055555555555555555555555555555555555555555555555555
4222222222222222222222222222222222222222222222222222222222033333333333333333333333333333333333333333333333333333333333333333333330000000000000000000000000000000000000000000000000000000000000000000000005555555555555555555555555555555555555555555555555
4222222222222222222222222222222222222222222222222222222220333333333333333333333333333333333333333333333333333333333333333333333330000000000000000000000000000000000000000000000000000000000000000000000000555555555555555555555555555555555555555555555555
4222222222222222222222222222222222222222222222222222222203333333333333333333333333333333333333333333333333333333333333333333333330000000000000000000000000000000000000000000000000000000000000000000000000055555555555555555555555555555555555555555555555
4222222222222222222222222222222222222222222222222222222033333333333333333333333333333333333333333333333333333333333333333333333330000000000000000000000000000000000000000000000000000000000000000000000000005555555555555555555555555555555555555555555555
4222222222222222222222222222222222222222222222222222220333333333333333333333333333333333333333333333333333333333333333333333333330000000000000000000000000000000000000000000000000000000000000000000000000000555555555555555555555555555555555555555555555
4222222222222222222222222222222222222222222222222222203333333333333333333333333333333333333333333333333333333333333333333333333330000000000000000000000000000000000000000000000000000000000000000000000000000055555555555555555555555555555555555555555555
4222222222222222222222222222222222222222222222222222033333333333333333333333333333333333333333333333333333333333333333333333333330000000000000000000000000000000000000000000000000000000000000000000000000000005555555555555555555555555555555555555555555
4222222222222222222222222222222222222222222222222220333333333333333333333333333333333333333333333333333333333333333333333333333330000000000000000000000000000000000000000000000000000000000000000000000000000000555555555555555555555555555555555555555555
4222222222222222222222222222222222222222222222222203333333333333333333333333333333333333333333333333333333333333333333333333333330000000000000000000000000000000000000000000000000000000000000000000000000000000055555555555555555555555555555555555555555
4222222222222222222222222222222222222222222222222033333333333333333333333333333333333333333333333333333333333333333333333333333330000000000000000000000000000000000000000000000000000000000000000000000000000000005555555555555555555555555555555555555555
4222222222222222222222222222222222222222222222220333333333333333333333333333333333333333333333333333333333333333333333333333333330000000000000000000000000000000000000000000000000000000000000000000000000000000000555555555555555555555555555555555555555
4222222222222222222222222222222222222222222222203333333333333333333333333333333333333333333333333333333333333333333333333333333330000000000000000000000000000000000000000000000000000000000000000000000000000000000055555555555555555555555555555555555555
4222222222222222222222222222222222222222222222033333333333333333333333333333333333333333333333333333333333333333333333333333333330000000000000000000000000000000000000000000000000000000000000000000000000000000000005555555555555555555555555555555555555
4222222222222222222222222222222222222222222220333333333333333333333333333333333333333333333333333333333333333333333333333333333330000000000000000000000000000000000000000000000000000000000000000000000000000000000000555555555555555555555555555555555555
4222222222222222222222222222222222222222222203333333333333333333333333333333333333333333333333333333333333333333333333333333333330000000000000000000000000000000000000000000000000000000000000000000000000000000000000555555555555555555555555555555555555
3111111111111111111111111111111111111111111100333333333333333333333333333333333333333333333333333333333333333333333333333333333330000000000000000000000000000000000000000000000000000000000000000000000000000000000000022244444444444444444444444444444444
3111111111111111111111111111111111111111111110033333333333333333333333333333333333333333333333333333333333333333333333333333333330000000000000000000000000000000000000000000000000000000000000000000000000000000000002222222222222222222222222222222222222
3111111111111111111111111111111111111111111111003333333333333333333333333333333333333333333333333333333333333333333333333333333330000000000000000000000000000000000000000000000000000000000000000000000000000000000022222222222222222222222222222222222222
3111111111111111111111111111111111111111111111100333333333333333333333333333333333333333333333333333333333333333333333333333333330000000000000000000000000000000000000000000000000000000000000000000000000000000000422222222222222222222222222222222222222
3111111111111111111111111111111111111111111111110033333333333333333333333333333333333333333333333333333333333333333333333333333330000000000000000000000000000000000000000000000000000000000000000000000000000000000222222222222222222222222222222222222222
3111111111111111111111111111111111111111111111111003333333333333333333333333333333333333333333333333333333333333333333333333333330000000000000000000000000000000000000000000000000000000000000000000000000000000002222222222222222222222222222222222222222
3111111111111111111111111111111111111111111111111100333333333333333333333333333333333333333333333333333333333333333333333333333330000000000000000000000000000000000000000000000000000000000000000000000000000000022222222222222222222222222222222222222222
3111111111111111111111111111111111111111111111111110033333333333333333333333333333333333333333333333333333333333333333333333333330000000000000000000000000000000000000000000000000000000000000000000000000000000222222222222222222222222222222222222222222
3111111111111111111111111111111111111111111111111111003333333333333333333333333333333333333333333333333333333333333333333333333330000000000000000000000000000000000000000000000000000000000000000000000000000002222222222222222222222222222222222222222222
3111111111111111111111111111111111111111111111111111100333333333333333333333333333333333333333333333333333333333333333333333333330000000000000000000000000000000000000000000000000000000000000000000000000000022222222222222222222222222222222222222222222
3111111111111111111111111111111111111111111111111111110033333333333333333333333333333333333333333333333333333333333333333333333330000000000000000000000000000000000000000000000000000000000000000000000000000222222222222222222222222222222222222222222222
3111111111111111111111111111111111111111111111111111111003333333333333333333333333333333333333333333333333333333333333333333333330000000000000000000000000000000000000000000000000000000000000000000000000002222222222222222222222222222222222222222222222
3111111111111111111111111111111111111111111111111111111100333333333333333333333333333333333333333333333333333333333333333333333330000000000000000000000000000000000000000000000000000000000000000000000000022222222222222222222222222222222222222222222222
3111111111111111111111111111111111111111111111111111111110033333333333333333333333333333333333333333333333333333333333333333333330000000000000000000000000000000000000000000000000000000000000000000000000222222222222222222222222222222222222222222222222
3111111111111111111111111111111111111111111111111111111111003333333333333333333333333333333333333333333333333333333333333333333330000000000000000000000000000000000000000000000000000000000000000000000002222222222222222222222222222222222222222222222222
3111111111111111111111111111111111111111111111111111111111100333333333333333333333333333333333333333333333333333333333333333333330000000000000000000000000000000000000000000000000000000000000000000000022222222222222222222222222222222222222222222222222
3111111111111111111111111111111111111111111111111111111111110033333333333333333333333333333333333333333333333333333333333333333330000000000000000000000000000000000000000000000000000000000000000000000222222222222222222222222222222222222222222222222222
3111111111111111111111111111111111111111111111111111111111111003333333333333333333333333333333333333333333333333333333333333333330000000000000000000000000000000000000000000000000000000000000000000002222222222222222222222222222222222222222222222222222
3111111111111111111111111111111111111111111111111111111111111100333333333333333333333333333333333333333333333333333333333333333330000000000000000000000000000000000000000000000000000000000000000000022222222222222222222222222222222222222222222222222222
3111111111111111111111111111111111111111111111111111111111111110033333333333333333333333333333333333333333333333333333333333333330000000000000000000000000000000000000000000000000000000000000000000222222222222222222222222222222222222222222222222222222
3111111111111111111111111111111111111111111111111111111111111111003333333333333333333333333333333333333333333333333333333333333330000000000000000000000000000000000000000000000000000000000000000002222222222222222222222222222222222222222222222222222222
3111111111111111111111111111111111111111111111111111111111111111100333333333333333333333333333333333333333333333333333333333333330000000000000000000000000000000000000000000000000000000000000000022222222222222222222222222222222222222222222222222222222
3111111111111111111111111111111111111111111111111111111111111111110033333333333333333333333333333333333333333333333333333333333330000000000000000000000000000000000000000000000000000000000000000222222222222222222222222222222222222222222222222222222222
3111111111111111111111111111111111111111111111111111111111111111111003333333333333333333333333333333333333333333333333333333333330000000000000000000000000000000000000000000000000000000000000002222222222222222222222222222222222222222222222222222222222
3111111111111111111111111111111111111111111111111111111111111111111100333333333333333333333333333333333333333333333333333333333330000000000000000000000000000000000000000000000000000000000000022222222222222222222222222222222222222222222222222222222222
3111111111111111111111111111111111111111111111111111111111111111111110033333333333333333333333333333333333333333333333333333333330000000000000000000000000000000000000000000000000000000000000222222222222222222222222222222222222222222222222222222222222
3111111111111111111111111111111111111111111111111111111111111111111111003333333333333333333333333333333333333333333333333333333330000000000000000000000000000000000000000000000000000000000002222222222222222222222222222222222222222222222222222222222222
3111111111111111111111111111111111111111111111111111111111111111111111100333333333333333333333333333333333333333333333333333333330000000000000000000000000000000000000000000000000000000000022222222222222222222222222222222222222222222222222222222222222
3111111111111111111111111111111111111111111111111111111111111111111111110033333333333333333333333333333333333333333333333333333330000000000000000000000000000000000000000000000000000000000222222222222222222222222222222222222222222222222222222222222222
3111111111111111111111111111111111111111111111111111111111111111111111111003333333333333333333333333333333333333333333333333333330000000000000000000000000000000000000000000000000000000004222222222222222222222222222222222222222222222222222222222222222
3111111111111111111111111111111111111111111111111111111111111111111111111100333333333333333333333333333333333333333333333333333330000000000000000000000000000000000000000000000000000000042222222222222222222222222222222222222222222222222222222222222222
3111111111111111111111111111111111111111111111111111111111111111111111111110033333333333333333333333333333333333333333333333333330000000000000000000000000000000000000000000000000000000222222222222222222222222222222222222222222222222222222222222222222
3111111111111111111111111111111111111111111111111111111111111111111111111111003333333333333333333333333333333333333333333333333330000000000000000000000000000000000000000000000000000004222222222222222222222222222222222222222222222222222222222222222222
3111111111111111111111111111111111111111111111111111111111111111111111111111100333333333333333333333333333333333333333333333333330000000000000000000000000000000000000000000000000000042222222222222222222222222222222222222222222222222222222222222222222
3111111111111111111111111111111111111111111111111111111111111111111111111111110033333333333333333333333333333333333333333333333330000000000000000000000000000000000000000000000000000222222222222222222222222222222222222222222222222222222222222222222222
3111111111111111111111111111111111111111111111111111111111111111111111111111111003333333333333333333333333333333333333333333333330000000000000000000000000000000000000000000000000002222222222222222222222222222222222222222222222222222222222222222222222
3111111111111111111111111111111111111111111111111111111111111111111111111111111100333333333333333333333333333333333333333333333330000000000000000000000000000000000000000000000000022222222222222222222222222222222222222222222222222222222222222222222222
3111111111111111111111111111111111111111111111111111111111111111111111111111111110033333333333333333333333333333333333333333333330000000000000000000000000000000000000000000000000222222222222222222222222222222222222222222222222222222222222222222222222
3111111111111111111111111111111111111111111111111111111111111111111111111111111111003333333333333333333333333333333333333333333330000000000000000000000000000000000000000000000002222222222222222222222222222222222222222222222222222222222222222222222222
3111111111111111111111111111111111111111111111111111111111111111111111111111111111100333333333333333333333333333333333333333333330000000000000000000000000000000000000000000000022222222222222222222222222222222222222222222222222222222222222222222222222
3111111111111111111111111111111111111111111111111111111111111111111111111111111111110033333333333333333333333333333333333333333330000000000000000000000000000000000000000000000022222222222222222222222222222222222222222222222222222222222222222222222222
3111111111111111111111111111111111111111111111111111111111111111111111111111111111111003333333333333333333333333333333333333333330000000000000000000000000000000000000000000000022222222222222222222222222222222222222222222222222222222222222222222222222
3111111111111111111111111111111111111111111111111111111111111111111111111111111111110055555555555555555555555555555555555555555552222222222222222222222222222222222222222222222222222222222222222222222222222222222222222222222222222222222222222222222222
3111111111111111111111111111111111111111111111111111111111111111111111111111111111100555555555555555555555555555555555555555555552222222222222222222222222222222222222222222222222222222222222222222222222222222222222222222222222222222222222222222222222
3111111111111111111111111111111111111111111111111111111111111111111111111111111111055555555555555555555555555555555555555555555552222222222222222222222222222222222222222222222222222222222222222222222222222222222222222222222222222222222222222222222222
3111111111111111111111111111111111111111111111111111111111111111111111111111111110555555555555555555555555555555555555555555555552222222222222222222222222222222222222222222222222222222222222222222222222222222222222222222222222222222222222222222222222
3111111111111111111111111111111111111111111111111111111111111111111111111111111100555555555555555555555555555555555555555555555552222222222222222222222222222222222222222222222222222222222222222222222222222222222222222222222222222222222222222222222222
3111111111111111111111111111111111111111111111111111111111111111111111111111111155555555555555555555555555555555555555555555555552222222222222222222222222222222222222222222222222242222222222222222222222222222222222222222222222222222222222222222222222
3111111111111111111111111111111111111111111111111111111111111111111111111111111555555555555555555555555555555555555555555555555552222222222222222222222222222222222222222222222222224222222222222222222222222222222222222222222222222222222222222222222222
3111111111111111111111111111111111111111111111111111111111111111111111111111155555555555555555555555555555555555555555555555555552222222222222222222222222222222222222222222222222222422222222222222222222222222222222222222222222222222222222222222222222
3111111111111111111111111111111111111111111111111111111111111111111111111111555555555555555555555555555555555555555555555555555552222222222222222222222222222222222222222222222222222242222222222222222222222222222222222222222222222222222222222222222222
3111111111111111111111111111111111111111111111111111111111111111111111111115555555555555555555555555555555555555555555555555555552222222222222222222222222222222222222222222222222222224222222222222222222222222222222222222222222222222222222222222222222
3111111111111111111111111111111111111111111111111111111111111111111111111155555555555555555555555555555555555555555555555555555552222222222222222222222222222222222222222222222222222222422222222222222222222222222222222222222222222222222222222222222222
3111111111111111111111111111111111111111111111111111111111111111111111111555555555555555555555555555555555555555555555555555555552222222222222222222222222222222222222222222222222222222242222222222222222222222222222222222222222222222222222222222222222
3111111111111111111111111111111111111111111111111111111111111111111111115555555555555555555555555555555555555555555555555555555552222222222222222222222222222222222222222222222222222222244222222222222222222222222222222222222222222222222222222222222222
3111111111111111111111111111111111111111111111111111111111111111111111115555555555555555555555555555555555555555555555555555555552222222222222222222222222222222222222222222222222222222224422222222222222222222222222222222222222222222222222222222222222
3111111111111111111111111111111111111111111111111111111111111111111111155555555555555555555555555555555555555555555555555555555552222222222222222222222222222222222222222222222222222222222442222222222222222222222222222222222222222222222222222222222222
3111111111111111111111111111111111111111111111111111111111111111111111555555555555555555555555555555555555555555555555555555555552222222222222222222222222222222222222222222222222222222222222222222222222222222222222222222222222222222222222222222222222
3111111111111111111111111111111111111111111111111111111111111111111115555555555555555555555555555555555555555555555555555555555552222222222222222222222222222222222222222222222222222222222222222222222222222222222222222222222222222222222222222222222222
3111111111111111111111111111111111111111111111111111111111111111111155555555555555555555555555555555555555555555555555555555555552222222222222222222222222222222222222222222222222222222222222222222222222222222222222222222222222222222222222222222222222
3111111111111111111111111111111111111111111111111111111111111111111555555555555555555555555555555555555555555555555555555555555552222222222222222222222222222222222222222222222222222222222222222222222222222222222222222222222222222222222222222222222222
3111111111111111111111111111111111111111111111111111111111111111115555555555555555555555555555555555555555555555555555555555555552222222222222222222222222222222222222222222222222222222222222222222222222222222222222222222222222222222222222222222222222
3111111111111111111111111111111111111111111111111111111111111111105555555555555555555555555555555555555555555555555555555555555552222222222222222222222222222222222222222222222222222222222222222222222222222222222222222222222222222222222222222222222222
3111111111111111111111111111111111111111111111111111111111111111055555555555555555555555555555555555555555555555555555555555555552222222222222222222222222222222222222222222222222222222222222222222222222222222222222222222222222222222222222222222222222
3111111111111111111111111111111111111111111111111111111111111110555555555555555555555555555555555555555555555555555555555555555552222222222222222222222222222222222222222222222222222222222222222222222222222222222222222222222222222222222222222222222222
3111111111111111111111111111111111111111111111111111111111111105555555555555555555555555555555555555555555555555555555555555555552222222222222222222222222222222222222222222222222222222222222222222222222222222222222222222222222222222222222222222222222
3111111111111111111111111111111111111111111111111111111111111055555555555555555555555555555555555555555555555555555555555555555552222222222222222222222222222222222222222222222222222222222222222222222222222222222222222222222222222222222222222222222222
3111111111111111111111111111111111111111111111111111111111110555555555555555555555555555555555555555555555555555555555555555555552222222222222222222222222222222222222222222222222222222222222222222222222222222222222222222222222222222222222222222222222
3111111111111111111111111111111111111111111111111111111111105555555555555555555555555555555555555555555555555555555555555555555552222222222222222222222222222222222222222222222222222222222222222222222222222222222222222222222222222222222222222222222222
3111111111111111111111111111111111111111111111111111111111055555555555555555555555555555555555555555555555555555555555555555555552222222222222222222222222222222222222222222222222222222222222222222222222222222222222222222222222222222222222222222222222
3111111111111111111111111111111111111111111111111111111110055555555555555555555555555555555555555555555555555555555555555555555552222222222222222222222222222222222222222222222222222222222222222222222222222222222222222222222222222222222222222222222222
3111111111111111111111111111111111111111111111111111111105555555555555555555555555555555555555555555555555555555555555555555555552222222222222222222222222222222222222222222222222222222222222222222222222222222222222222222222222222222222222222222222222
3111111111111111111111111111111111111111111111111111111055555555555555555555555555555555555555555555555555555555555555555555555552222222222222222222222222222222222222222222222222222222222222222222222222222222222222222222222222222222222222222222222222
3111111111111111111111111111111111111111111111111111110555555555555555555555555555555555555555555555555555555555555555555555555552222222222222222222222222222222222222222222222222222222222222222222222222222222222222222222222222222222222222222222222222
3111111111111111111111111111111111111111111111111111105555555555555555555555555555555555555555555555555555555555555555555555555552222222222222222222222222222222222222222222222222222222222222222222222222222222222222222222222222222222222222222222222222
3111111111111111111111111111111111111111111111111111055555555555555555555555555555555555555555555555555555555555555555555555555552222222222222222222222222222222222222222222222222222222222222222222222222222222222222222222222222222222222222222222222222
3111111111111111111111111111111111111111111111111110555555555555555555555555555555555555555555555555555555555555555555555555555552222222222222222222222222222222222222222222222222222222222222222222222222222222222222222222222222222222222222222222222222
3111111111111111111111111111111111111111111111111105555555555555555555555555555555555555555555555555555555555555555555555555555552222222222222222222222222222222222222222222222222222222222222222222222222222222222222222222222222222222222222222222222222
3111111111111111111111111111111111111111111111111055555555555555555555555555555555555555555555555555555555555555555555555555555552222222222222222222222222222222222222222222222222222222222222222222222222222222222222222222222222222222222222222222222222
3111111111111111111111111111111111111111111111110555555555555555555555555555555555555555555555555555555555555555555555555555555552222222222222222222222222222222222222222222222222222222222222222222222222222222222222222222222222222222222222222222222222