00000000000000000000000000000000000000000000222222222222222222222222222222222222222222222222222222222222222222222222222222222222222000000000000000000000000000000000000000000
00000000000000000000000000000000000000000000222222222222222222222222222222222222222222222222222222222222222222222222222222222222222000000000000000000000000000000000000000000
00000000000000000000000000000000000000000000222222222222222222222222222222222222222222222222222222222222222222222222222222222222222000000000000000000000000000000000000000000
00000000000000000000000000000000000000000000222222222222222222222222222222222222222222222222222222222222222222222222222222222222222000000000000000000000000000000000000000000
00000000000000000000000000000000000000000000222222222222222222222222222222222222222222222222222222222222222222222222222222222222222000000000000000000000000000000000000000000
00000000000000000000000000000000000000000000222222222222222222222222222222222222222222222222222222222222222222222222222222222222222000000000000000000000000000000000000000000
00000000000000000000000000000000000000000000222222222222222222222222222222222222222222222222222222222222222222222222222222222222222000000000000000000000000000000000000000000
00000000000000000000000000000000000000000000222222222222222222222222222222222222222222222222222222222222222222222222222222222222222000000000000000000000000000000000000000000
00000000000000000000000000000000000000000000222222222222222222222222222222222222222222222222222222222222222222222222222222222222222000000000000000000000000000000000000000000
00000000000000000000000000000000000000000000222222222222222222222222222222222222222222222222222222222222222222222222222222222222222000000000000000000000000000000000000000000
00000000000000000000000000000000000000000000222222222222222222222222222222222222222222222222222222222222222222222222222222222222222000000000000000000000000000000000000000000
00000000000000000000000000000000000000000000222222222222222222222222222222222222222222222222222222222222222222222222222222222222222000000000000000000000000000000000000000000
00000000000000000000000000000000000000000000222222222222222222222222222222222222222222222222222222222222222222222222222222222222222000000000000000000000000000000000000000000
00000000000000000000000000000000000000000000222222222222222222222222222222222222222222222222222222222222222222222222222222222222222000000000000000000000000000000000000000000
00000000000000000000000000000000000000000000222222222222222222222222222222222222222222222222222222222222222222222222222222222222222000000000000000000000000000000000000000000
00000000000000000000000000000000000000000000222222222222222222222222222222222222222222222222222222222222222222222222222222222222222000000000000000000000000000000000000000000
00000000000000000000000000000000000000000000222222222222222222222222222222222222222222222222222222222222222222222222222222222222222000000000000000000000000000000000000000000
00000000000000000000000000000000000000000000222222222222222222222222222222222222222222222222222222222222222222222222222222222222222000000000000000000000000000000000000000000
00000000000000000000000000000000000000000000222222222222222222222222222222222222222222222222222222222222222222222222222222222222222000000000000000000000000000000000000000000
00000000000000000000000000000000000000000000222222222222222222222222222222222222222222222222222222222222222222222222222222222222222000000000000000000000000000000000000000000
00000000000000000000000000000000000000000000222222222222222222222222222222222222222222222222222222222222222222222222222222222222222000000000000000000000000000000000000000000
00000000000000000000000000000000000000000000222222222222222222222222222222222222222222222222222222222222222222222222222222222222222000000000000000000000000000000000000000000
00000000000000000000000000000000000000000000222222222222222222222222222222222222222222222222222222222222222222222222222222222222222000000000000000000000000000000000000000000
00000000000000000000000000000000000000000000222222222222222222222222222222222222222222222222222222222222222222222222222222222222222000000000000000000000000000000000000000000
00000000000000000000000000000000000000000000222222222222222222222222222222222222222222222222222222222222222222222222222222222222222000000000000000000000000000000000000000000
00000000000000000000000000000000000000000001122222222222222222222222222222222222222222222222222222222222222222222222222222222222233330000000000000000000000000000000000000000
00000000000000000000000000000000000000000111112222222222222222222222222222222222222222222222222222222222222222222222222222222223333333300000000000000000000000000000000000000
00000000000000000000000000000000000000011111111122222222222222222222222222222222222222222222222222222222222222222222222222222233333333330000000000000000000000000000000000000
00000000000000000000000000000000000000111111111112222222222222222222222222222222222222222222222222222222222222222222222222223333333333333300000000000000000000000000000000000
00000000000000000000000000000000000011111111111111122222222222222222222222222222222222222222222222222222222222222222222222333333333333333333000000000000000000000000000000000
00000000000000000000000000000000001111111111111111111222222222222222222222222222222222222222222222222222222222222222222233333333333333333333330000000000000000000000000000000
00000000000000000000000000000000111111111111111111111122222222222222222222222222222222222222222222222222222222222222222333333333333333333333333000000000000000000000000000000
00000000000000000000000000000001111111111111111111111111222222222222222222222222222222222222222222222222222222222222233333333333333333333333333330000000000000000000000000000
00000000000000000000000000000111111111111111111111111111112222222222222222222222222222222222222222222222222222222223333333333333333333333333333333300000000000000000000000000
00000000000000000000000000011111111111111111111111111111111122222222222222222222222222222222222222222222222222222333333333333333333333333333333333330000000000000000000000000
00000000000000000000000001111111111111111111111111111111111112222222222222222222222222222222222222222222222222223333333333333333333333333333333333333300000000000000000000000
00000000000000000000000011111111111111111111111111111111111111122222222222222222222222222222222222222222222222333333333333333333333333333333333333333333000000000000000000000
00000000000000000000001111111111111111111111111111111111111111111222222222222222222222222222222222222222222233333333333333333333333333333333333333333333330000000000000000000
00000000000000000000111111111111111111111111111111111111111111111112222222222222222222222222222222222222222333333333333333333333333333333333333333333333333000000000000000000
00000000000000000001111111111111111111111111111111111111111111111111222222222222222222222222222222222222233333333333333333333333333333333333333333333333333330000000000000000
00000000000000000111111111111111111111111111111111111111111111111111112222222222222222222222222222222223333333333333333333333333333333333333333333333333333333300000000000000
00000000000000011111111111111111111111111111111111111111111111111111111122222222222222222222222222222333333333333333333333333333333333333333333333333333333333333000000000000
00000000000001111111111111111111111111111111111111111111111111111111111112222222222222222222222222223333333333333333333333333333333333333333333333333333333333333300000000000
00000000000011111111111111111111111111111111111111111111111111111111111111122222222222222222222222333333333333333333333333333333333333333333333333333333333333333333000000000
00000000001111111111111111111111111111111111111111111111111111111111111111111222222222222222222233333333333333333333333333333333333333333333333333333333333333333333330000000
00000000111111111111111111111111111111111111111111111111111111111111111111111112222222222222223333333333333333333333333333333333333333333333333333333333333333333333333300000
00000011111111111111111111111111111111111111111111111111111111111111111111111111222222222222233333333333333333333333333333333333333333333333333333333333333333333333333330000
00000111111111111111111111111111111111111111111111111111111111111111111111111111112222222223333333333333333333333333333333333333333333333333333333333333333333333333333333300
00011111111111111111111111111111111111111111111111111111111111111111111111111111111122222333333333333333333333333333333333333333333333333333333333333333333333333333333333330
01111111111111111111111111111111111111111111111111111111111111111111111111111111111111223333333333333333333333333333333333333333333333333333333333333333333333333333333333333
11111111111111111111111111111111111111111111111111111111111111111111111111111111111111123333333333333333333333333333333333333333333333333333333333333333333333333333333333333
11111111111111111111111111111111111111111111111111111111111111111111111111111111111111133333333333333333333333333333333333333333333333333333333333333333333333333333333333333
11111111111111111111111111111111111111111111111111111111111111111111111111111111111111133333333333333333333333333333333333333333333333333333333333333333333333333333333333333
11111111111111111111111111111111111111111111111111111111111111111111111111111111111111133333333333333333333333333333333333333333333333333333333333333333333333333333333333333
11111111111111111111111111111111111111111111111111111111111111111111111111111111111111133333333333333333333333333333333333333333333333333333333333333333333333333333333333333
11111111111111111111111111111111111111111111111111111111111111111111111111111111111111133333333333333333333333333333333333333333333333333333333333333333333333333333333333333
11111111111111111111111111111111111111111111111111111111111111111111111111111111111111133333333333333333333333333333333333333333333333333333333333333333333333333333333333333
11111111111111111111111111111111111111111111111111111111111111111111111111111111111111133333333333333333333333333333333333333333333333333333333333333333333333333333333333333
11111111111111111111111111111111111111111111111111111111111111111111111111111111111111133333333333333333333333333333333333333333333333333333333333333333333333333333333333333
11111111111111111111111111111111111111111111111111111111111111111111111111111111111111133333333333333333333333333333333333333333333333333333333333333333333333333333333333333
11111111111111111111111111111111111111111111111111111111111111111111111111111111111111133333333333333333333333333333333333333333333333333333333333333333333333333333333333333
11111111111111111111111111111111111111111111111111111111111111111111111111111111111111133333333333333333333333333333333333333333333333333333333333333333333333333333333333333
11111111111111111111111111111111111111111111111111111111111111111111111111111111111111133333333333333333333333333333333333333333333333333333333333333333333333333333333333333
11111111111111111111111111111111111111111111111111111111111111111111111111111111111111133333333333333333333333333333333333333333333333333333333333333333333333333333333333333
11111111111111111111111111111111111111111111111111111111111111111111111111111111111111133333333333333333333333333333333333333333333333333333333333333333333333333333333333333
11111111111111111111111111111111111111111111111111111111111111111111111111111111111111133333333333333333333333333333333333333333333333333333333333333333333333333333333333333
11111111111111111111111111111111111111111111111111111111111111111111111111111111111111133333333333333333333333333333333333333333333333333333333333333333333333333333333333333
11111111111111111111111111111111111111111111111111111111111111111111111111111111111111133333333333333333333333333333333333333333333333333333333333333333333333333333333333333
11111111111111111111111111111111111111111111111111111111111111111111111111111111111111133333333333333333333333333333333333333333333333333333333333333333333333333333333333333
11111111111111111111111111111111111111111111111111111111111111111111111111111111111111133333333333333333333333333333333333333333333333333333333333333333333333333333333333333
11111111111111111111111111111111111111111111111111111111111111111111111111111111111111133333333333333333333333333333333333333333333333333333333333333333333333333333333333333
11111111111111111111111111111111111111111111111111111111111111111111111111111111111111133333333333333333333333333333333333333333333333333333333333333333333333333333333333333
11111111111111111111111111111111111111111111111111111111111111111111111111111111111111133333333333333333333333333333333333333333333333333333333333333333333333333333333333333
11111111111111111111111111111111111111111111111111111111111111111111111111111111111111133333333333333333333333333333333333333333333333333333333333333333333333333333333333333
11111111111111111111111111111111111111111111111111111111111111111111111111111111111111133333333333333333333333333333333333333333333333333333333333333333333333333333333333333
11111111111111111111111111111111111111111111111111111111111111111111111111111111111111133333333333333333333333333333333333333333333333333333333333333333333333333333333333333
11111111111111111111111111111111111111111111111111111111111111111111111111111111111111133333333333333333333333333333333333333333333333333333333333333333333333333333333333333
11111111111111111111111111111111111111111111111111111111111111111111111111111111111111133333333333333333333333333333333333333333333333333333333333333333333333333333333333333
11111111111111111111111111111111111111111111111111111111111111111111111111111111111111133333333333333333333333333333333333333333333333333333333333333333333333333333333333333
11111111111111111111111111111111111111111111111111111111111111111111111111111111111111133333333333333333333333333333333333333333333333333333333333333333333333333333333333333
11111111111111111111111111111111111111111111111111111111111111111111111111111111111111133333333333333333333333333333333333333333333333333333333333333333333333333333333333333
11111111111111111111111111111111111111111111111111111111111111111111111111111111111111133333333333333333333333333333333333333333333333333333333333333333333333333333333333333
11111111111111111111111111111111111111111111111111111111111111111111111111111111111111133333333333333333333333333333333333333333333333333333333333333333333333333333333333333
11111111111111111111111111111111111111111111111111111111111111111111111111111111111111133333333333333333333333333333333333333333333333333333333333333333333333333333333333333
11111111111111111111111111111111111111111111111111111111111111111111111111111111111111133333333333333333333333333333333333333333333333333333333333333333333333333333333333333
11111111111111111111111111111111111111111111111111111111111111111111111111111111111111133333333333333333333333333333333333333333333333333333333333333333333333333333333333333
11111111111111111111111111111111111111111111111111111111111111111111111111111111111111133333333333333333333333333333333333333333333333333333333333333333333333333333333333333
11111111111111111111111111111111111111111111111111111111111111111111111111111111111111133333333333333333333333333333333333333333333333333333333333333333333333333333333333333
11111111111111111111111111111111111111111111111111111111111111111111111111111111111111133333333333333333333333333333333333333333333333333333333333333333333333333333333333333
11111111111111111111111111111111111111111111111111111111111111111111111111111111111111133333333333333333333333333333333333333333333333333333333333333333333333333333333333333
11111111111111111111111111111111111111111111111111111111111111111111111111111111111111133333333333333333333333333333333333333333333333333333333333333333333333333333333333333
11111111111111111111111111111111111111111111111111111111111111111111111111111111111111133333333333333333333333333333333333333333333333333333333333333333333333333333333333333
11111111111111111111111111111111111111111111111111111111111111111111111111111111111111133333333333333333333333333333333333333333333333333333333333333333333333333333333333333
11111111111111111111111111111111111111111111111111111111111111111111111111111111111111133333333333333333333333333333333333333333333333333333333333333333333333333333333333333
11111111111111111111111111111111111111111111111111111111111111111111111111111111111111133333333333333333333333333333333333333333333333333333333333333333333333333333333333333
11111111111111111111111111111111111111111111111111111111111111111111111111111111111111133333333333333333333333333333333333333333333333333333333333333333333333333333333333333
11111111111111111111111111111111111111111111111111111111111111111111111111111111111111133333333333333333333333333333333333333333333333333333333333333333333333333333333333333
11111111111111111111111111111111111111111111111111111111111111111111111111111111111111133333333333333333333333333333333333333333333333333333333333333333333333333333333333333
11111111111111111111111111111111111111111111111111111111111111111111111111111111111111133333333333333333333333333333333333333333333333333333333333333333333333333333333333333
21111111111111111111111111111111111111111111111111111111111111111111111111111111111111133333333333333333333333333333333333333333333333333333333333333333333333333333333333333
22111111111111111111111111111111111111111111111111111111111111111111111111111111111111133333333333333333333333333333333333333333333333333333333333333333333333333333333333333
22211111111111111111111111111111111111111111111111111111111111111111111111111111111110003333333333333333333333333333333333333333333333333333333333333333333333333333333333332
22222111111111111111111111111111111111111111111111111111111111111111111111111111111000000033333333333333333333333333333333333333333333333333333333333333333333333333333333322
22222221111111111111111111111111111111111111111111111111111111111111111111111111110000000000333333333333333333333333333333333333333333333333333333333333333333333333333332222
22222222111111111111111111111111111111111111111111111111111111111111111111111111000000000000033333333333333333333333333333333333333333333333333333333333333333333333333222222
22222222221111111111111111111111111111111111111111111111111111111111111111111100000000000000000333333333333333333333333333333333333333333333333333333333333333333333322222222
22222222222211111111111111111111111111111111111111111111111111111111111111110000000000000000000003333333333333333333333333333333333333333333333333333333333333333333222222222
22222222222222111111111111111111111111111111111111111111111111111111111111100000000000000000000000033333333333333333333333333333333333333333333333333333333333333322222222222
22222222222222211111111111111111111111111111111111111111111111111111111110000000000000000000000000003333333333333333333333333333333333333333333333333333333333332222222222222
22222222222222222111111111111111111111111111111111111111111111111111111000000000000000000000000000000033333333333333333333333333333333333333333333333333333333322222222222222
22222222222222222221111111111111111111111111111111111111111111111111100000000000000000000000000000000000333333333333333333333333333333333333333333333333333333222222222222222
22222222222222222222111111111111111111111111111111111111111111111111000000000000000000000000000000000000003333333333333333333333333333333333333333333333333332222222222222222
22222222222222222222221111111111111111111111111111111111111111111100000000000000000000000000000000000000000033333333333333333333333333333333333333333333322222222222222222222
22222222222222222222222211111111111111111111111111111111111111110000000000000000000000000000000000000000000000333333333333333333333333333333333333333333222222222222222222222
22222222222222222222222222111111111111111111111111111111111111000000000000000000000000000000000000000000000000033333333333333333333333333333333333333322222222222222222222222
22222222222222222222222222221111111111111111111111111111111110000000000000000000000000000000000000000000000000003333333333333333333333333333333333332222222222222222222222222
22222222222222222222222222222111111111111111111111111111111000000000000000000000000000000000000000000000000000000033333333333333333333333333333333222222222222222222222222222
22222222222222222222222222222221111111111111111111111111100000000000000000000000000000000000000000000000000000000000333333333333333333333333333332222222222222222222222222222
22222222222222222222222222222222211111111111111111111111000000000000000000000000000000000000000000000000000000000000003333333333333333333333333222222222222222222222222222222
22222222222222222222222222222222221111111111111111111100000000000000000000000000000000000000000000000000000000000000000333333333333333333333322222222222222222222222222222222
22222222222222222222222222222222222211111111111111110000000000000000000000000000000000000000000000000000000000000000000003333333333333333333222222222222222222222222222222222
22222222222222222222222222222222222222111111111111000000000000000000000000000000000000000000000000000000000000000000000000033333333333333322222222222222222222222222222222222
22222222222222222222222222222222222222221111111110000000000000000000000000000000000000000000000000000000000000000000000000003333333333332222222222222222222222222222222222222
22222222222222222222222222222222222222222111111000000000000000000000000000000000000000000000000000000000000000000000000000000033333333222222222222222222222222222222222222222
22222222222222222222222222222222222222222221110000000000000000000000000000000000000000000000000000000000000000000000000000000000333332222222222222222222222222222222222222222
22222222222222222222222222222222222222222222100000000000000000000000000000000000000000000000000000000000000000000000000000000000003222222222222222222222222222222222222222222
22222222222222222222222222222222222222222222200000000000000000000000000000000000000000000000000000000000000000000000000000000000000222222222222222222222222222222222222222222
22222222222222222222222222222222222222222222200000000000000000000000000000000000000000000000000000000000000000000000000000000000000222222222222222222222222222222222222222222
22222222222222222222222222222222222222222222200000000000000000000000000000000000000000000000000000000000000000000000000000000000000222222222222222222222222222222222222222222
22222222222222222222222222222222222222222222200000000000000000000000000000000000000000000000000000000000000000000000000000000000000222222222222222222222222222222222222222222
22222222222222222222222222222222222222222222200000000000000000000000000000000000000000000000000000000000000000000000000000000000000222222222222222222222222222222222222222222
22222222222222222222222222222222222222222222200000000000000000000000000000000000000000000000000000000000000000000000000000000000000222222222222222222222222222222222222222222
22222222222222222222222222222222222222222222200000000000000000000000000000000000000000000000000000000000000000000000000000000000000222222222222222222222222222222222222222222
22222222222222222222222222222222222222222222200000000000000000000000000000000000000000000000000000000000000000000000000000000000000222222222222222222222222222222222222222222
22222222222222222222222222222222222222222222200000000000000000000000000000000000000000000000000000000000000000000000000000000000000222222222222222222222222222222222222222222
22222222222222222222222222222222222222222222200000000000000000000000000000000000000000000000000000000000000000000000000000000000000222222222222222222222222222222222222222222
22222222222222222222222222222222222222222222200000000000000000000000000000000000000000000000000000000000000000000000000000000000000222222222222222222222222222222222222222222
22222222222222222222222222222222222222222222200000000000000000000000000000000000000000000000000000000000000000000000000000000000000222222222222222222222222222222222222222222
22222222222222222222222222222222222222222222200000000000000000000000000000000000000000000000000000000000000000000000000000000000000222222222222222222222222222222222222222222
22222222222222222222222222222222222222222222200000000000000000000000000000000000000000000000000000000000000000000000000000000000000222222222222222222222222222222222222222222
22222222222222222222222222222222222222222222200000000000000000000000000000000000000000000000000000000000000000000000000000000000000222222222222222222222222222222222222222222
22222222222222222222222222222222222222222222200000000000000000000000000000000000000000000000000000000000000000000000000000000000000222222222222222222222222222222222222222222
22222222222222222222222222222222222222222222200000000000000000000000000000000000000000000000000000000000000000000000000000000000000222222222222222222222222222222222222222222
22222222222222222222222222222222222222222222200000000000000000000000000000000000000000000000000000000000000000000000000000000000000222222222222222222222222222222222222222222
22222222222222222222222222222222222222222222200000000000000000000000000000000000000000000000000000000000000000000000000000000000000222222222222222222222222222222222222222222
22222222222222222222222222222222222222222222200000000000000000000000000000000000000000000000000000000000000000000000000000000000000222222222222222222222222222222222222222222
22222222222222222222222222222222222222222222200000000000000000000000000000000000000000000000000000000000000000000000000000000000000222222222222222222222222222222222222222222
22222222222222222222222222222222222222222222200000000000000000000000000000000000000000000000000000000000000000000000000000000000000222222222222222222222222222222222222222222
22222222222222222222222222222222222222222222200000000000000000000000000000000000000000000000000000000000000000000000000000000000000222222222222222222222222222222222222222222
22222222222222222222222222222222222222222222200000000000000000000000000000000000000000000000000000000000000000000000000000000000000222222222222222222222222222222222222222222
22222222222222222222222222222222222222222222200000000000000000000000000000000000000000000000000000000000000000000000000000000000000222222222222222222222222222222222222222222
22222222222222222222222222222222222222222222200000000000000000000000000000000000000000000000000000000000000000000000000000000000000222222222222222222222222222222222222222222
22222222222222222222222222222222222222222222200000000000000000000000000000000000000000000000000000000000000000000000000000000000000222222222222222222222222222222222222222222
22222222222222222222222222222222222222222222200000000000000000000000000000000000000000000000000000000000000000000000000000000000000222222222222222222222222222222222222222222
22222222222222222222222222222222222222222222200000000000000000000000000000000000000000000000000000000000000000000000000000000000000222222222222222222222222222222222222222222
22222222222222222222222222222222222222222222200000000000000000000000000000000000000000000000000000000000000000000000000000000000000222222222222222222222222222222222222222222
22222222222222222222222222222222222222222222200000000000000000000000000000000000000000000000000000000000000000000000000000000000000222222222222222222222222222222222222222222
22222222222222222222222222222222222222222222200000000000000000000000000000000000000000000000000000000000000000000000000000000000000222222222222222222222222222222222222222222
22222222222222222222222222222222222222222222200000000000000000000000000000000000000000000000000000000000000000000000000000000000000222222222222222222222222222222222222222222
22222222222222222222222222222222222222222222200000000000000000000000000000000000000000000000000000000000000000000000000000000000000222222222222222222222222222222222222222222
22222222222222222222222222222222222222222222200000000000000000000000000000000000000000000000000000000000000000000000000000000000000222222222222222222222222222222222222222222
22222222222222222222222222222222222222222222200000000000000000000000000000000000000000000000000000000000000000000000000000000000000222222222222222222222222222222222222222222
22222222222222222222222222222222222222222222200000000000000000000000000000000000000000000000000000000000000000000000000000000000000222222222222222222222222222222222222222222
22222222222222222222222222222222222222222222200000000000000000000000000000000000000000000000000000000000000000000000000000000000000222222222222222222212222222222222222222222
22222222222222222222222222222222222222222222200000000000000000000000000000000000000000000000000000000000000000000000000000000000000222222222222222222222222222222222222222222
22222222222222222222222222222222222222222222200000000000000000000000000000000000000000000000000000000000000000000000000000000000000222222222222222222222222222222222222222222
22222222222222222222222222222222222222222222200000000000000000000000000000000000000000000000000000000000000000000000000000000000000222222222222222222222222222222222222222222
22222222222222222222222222222222222222222222200000000000000000000000000000000000000000000000000000000000000000000000000000000000000222222222222222222222222222222222222222222
22222222222222222222222222222222222222222222200000000000000000000000000000000000000000000000000000000000000000000000000000000000000222222222222222222222222222222222222222222
22222222222222222222222222222222222222222222200000000000000000000000000000000000000000000000000000000000000000000000000000000000000222222222222222222222222222222222222222222
22222222222222222222222222222222222222222222200000000000000000000000000000000000000000000000000000000000000000000000000000000000000222222222222222222222222222222222222222222
22222222222222222222222222222222222222222222200000000000000000000000000000000000000000000000000000000000000000000000000000000000000222222222222222222222222222222222222222222
22222222222222222222222222222222222222222222200000000000000000000000000000000000000000000000000000000000000000000000000000000000000222222222222222222222222222222222222222222
22222222222222222222222222222222222222222222200000000000000000000000000000000000000000000000000000000000000000000000000000000000000222222222222222222222222222222222222222222
22222222222222222222222222222222222222222222200000000000000000000000000000000000000000000000000000000000000000000000000000000000000222222222222222222222222222222222222222222
22222222222222222222222222222222222222222222200000000000000000000000000000000000000000000000000000000000000000000000000000000000000222222222222222222222222222222222222222222
22222222222222222222222222222222222222222223330000000000000000000000000000000000000000000000000000000000000000000000000000000000000222222222222222222222222222222222222222222
22222222222222222222222222222222222222222233333000000000000000000000000000000000000000000000000000000000000000000000000000000000001122222222222222222222222222222222222222222
22222222222222222222222222222222222222223333333330000000000000000000000000000000000000000000000000000000000000000000000000000000011111222222222222222222222222222222222222222
22222222222222222222222222222222222222333333333333300000000000000000000000000000000000000000000000000000000000000000000000000001111111112222222222222222222222222222222222222
22222222222222222222222222222222222233333333333333333000000000000000000000000000000000000000000000000000000000000000000000000011111111111222222222222222222222222222222222222
22222222222222222222222222222222222333333333333333333300000000000000000000000000000000000000000000000000000000000000000000001111111111111112222222222222222222222222222222222
22222222222222222222222222222222233333333333333333333333000000000000000000000000000000000000000000000000000000000000000000111111111111111111122222222222222222222222222222222
22222222222222222222222222222223333333333333333333333333330000000000000000000000000000000000000000000000000000000000000011111111111111111111111222222222222222222222222222222
22222222222222222222222222222233333333333333333333333333333000000000000000000000000000000000000000000000000000000000000111111111111111111111111122222222222222222222222222222
22222222222222222222222222223333333333333333333333333333333330000000000000000000000000000000000000000000000000000000011111111111111111111111111111222222222222222222222222222
22222222222222222222222222333333333333333333333333333333333333300000000000000000000000000000000000000000000000000001111111111111111111111111111111122222222222222222222222222
22222222222222222222222233333333333333333333333333333333333333333000000000000000000000000000000000000000000000000011111111111111111111111111111111111222222222222222222222222
22222222222222222222222333333333333333333333333333333333333333333300000000000000000000000000000000000000000000001111111111111111111111111111111111111112222222222222222222222
22222222222222222222233333333333333333333333333333333333333333333333000000000000000000000000000000000000000000111111111111111111111111111111111111111111122222222222222222222
22222222222222222223333333333333333333333333333333333333333333333333330000000000000000000000000000000000000011111111111111111111111111111111111111111111111222222222222222222
22222222222222222333333333333333333333333333333333333333333333333333333300000000000000000000000000000000001111111111111111111111111111111111111111111111111112222222222222222
22222222222222223333333333333333333333333333333333333333333333333333333330000000000000000000000000000000111111111111111111111111111111111111111111111111111111122222222222222
22222222222222333333333333333333333333333333333333333333333333333333333333300000000000000000000000000011111111111111111111111111111111111111111111111111111111111222222222222
22222222222233333333333333333333333333333333333333333333333333333333333333333000000000000000000000001111111111111111111111111111111111111111111111111111111111111122222222222
22222222223333333333333333333333333333333333333333333333333333333333333333333330000000000000000000111111111111111111111111111111111111111111111111111111111111111111222222222
22222222233333333333333333333333333333333333333333333333333333333333333333333333000000000000000001111111111111111111111111111111111111111111111111111111111111111111112222222
22222223333333333333333333333333333333333333333333333333333333333333333333333333330000000000000111111111111111111111111111111111111111111111111111111111111111111111111122222
22222333333333333333333333333333333333333333333333333333333333333333333333333333333300000000011111111111111111111111111111111111111111111111111111111111111111111111111111222
22223333333333333333333333333333333333333333333333333333333333333333333333333333333330000001111111111111111111111111111111111111111111111111111111111111111111111111111111112
22333333333333333333333333333333333333333333333333333333333333333333333333333333333333300011111111111111111111111111111111111111111111111111111111111111111111111111111111111
23333333333333333333333333333333333333333333333333333333333333333333333333333333333333331111111111111111111111111111111111111111111111111111111111111111111111111111111111111
33333333333333333333333333333333333333333333333333333333333333333333333333333333333333331111111111111111111111111111111111111111111111111111111111111111111111111111111111111
33333333333333333333333333333333333333333333333333333333333333333333333333333333333333331111111111111111111111111111111111111111111111111111111111111111111111111111111111111
33333333333333333333333333333333333333333333333333333333333333333333333333333333333333331111111111111111111111111111111111111111111111111111111111111111111111111111111111111
33333333333333333333333333333333333333333333333333333333333333333333333333333333333333331111111111111111111111111111111111111111111111111111111111111111111111111111111111111
33333333333333333333333333333333333333333333333333333333333333333333333333333333333333331111111111111111111111111111111111111111111111111111111111111111111111111111111111111
33333333333333333333333333333333333333333333333333333333333333333333333333333333333333331111111111111111111111111111111111111111111111111111111111111111111111111111111111111
33333333333333333333333333333333333333333333333333333333333333333333333333333333333333331111111111111111111111111111111111111111111111111111111111111111111111111111111111111
33333333333333333333333333333333333333333333333333333333333333333333333333333333333333331111111111111111111111111111111111111111111111111111111111111111111111111111111111111
33333333333333333333333333333333333333333333333333333333333333333333333333333333333333331111111111111111111111111111111111111111111111111111111111111111111111111111111111111
33333333333333333333333333333333333333333333333333333333333333333333333333333333333333331111111111111111111111111111111111111111111111111111111111111111111111111111111111111
33333333333333333333333333333333333333333333333333333333333333333333333333333333333333331111111111111111111111111111111111111111111111111111111111111111111111111111111111111
33333333333333333333333333333333333333333333333333333333333333333333333333333333333333331111111111111111111111111111111111111111111111111111111111111111111111111111111111111
33333333333333333333333333333333333333333333333333333333333333333333333333333333333333331111111111111111111111111111111111111111111111111111111111111111111111111111111111111
33333333333333333333333333333333333333333333333333333333333333333333333333333333333333331111111111111111111111111111111111111111111111111111111111111111111111111111111111111
33333333333333333333333333333333333333333333333333333333333333333333333333333333333333331111111111111111111111111111111111111111111111111111111111111111111111111111111111111
33333333333333333333333333333333333333333333333333333333333333333333333333333333333333331111111111111111111111111111111111111111111111111111111111111111111111111111111111111
33333333333333333333333333333333333333333333333333333333333333333333333333333333333333331111111111111111111111111111111111111111111111111111111111111111111111111111111111111
33333333333333333333333333333333333333333333333333333333333333333333333333333333333333331111111111111111111111111111111111111111111111111111111111111111111111111111111111111
33333333333333333333333333333333333333333333333333333333333333333333333333333333333333331111111111111111111111111111111111111111111111111111111111111111111111111111111111111
33333333333333333333333333333333333333333333333333333333333333333333333333333333333333331111111111111111111111111111111111111111111111111111111111111111111111111111111111111
33333333333333333333333333333333333333333333333333333333333333333333333333333333333333331111111111111111111111111111111111111111111111111111111111111111111111111111111111111
33333333333333333333333333333333333333333333333333333333333333333333333333333333333333331111111111111111111111111111111111111111111111111111111111111111111111111111111111111
33333333333333333333333333333333333333333333333333333333333333333333333333333333333333331111111111111111111111111111111111111111111111111111111111111111111111111111111111111
33333333333333333333333333333333333333333333333333333333333333333333333333333333333333331111111111111111111111111111111111111111111111111111111111111111111111111111111111111
33333333333333333333333333333333333333333333333333333333333333333333333333333333333333331111111111111111111111111111111111111111111111111111111111111111111111111111111111111
33333333333333333333333333333333333333333333333333333333333333333333333333333333333333331111111111111111111111111111111111111111111111111111111111111111111111111111111111111
33333333333333333333333333333333333333333333333333333333333333333333333333333333333333331111111111111111111111111111111111111111111111111111111111111111111111111111111111111
33333333333333333333333333333333333333333333333333333333333333333333333333333333333333331111111111111111111111111111111111111111111111111111111111111111111111111111111111111
33333333333333333333333333333333333333333333333333333333333333333333333333333333333333331111111111111111111111111111111111111111111111111111111111111111111111111111111111111
33333333333333333333333333333333333333333333333333333333333333333333333333333333333333331111111111111111111111111111111111111111111111111111111111111111111111111111111111111
33333333333333333333333333333333333333333333333333333333333333333333333333333333333333331111111111111111111111111111111111111111111111111111111111111111111111111111111111111
33333333333333333333333333333333333333333333333333333333333333333333333333333333333333331111111111111111111111111111111111111111111111111111111111111111111111111111111111111
33333333333333333333333333333333333333333333333333333333333333333333333333333333333333331111111111111111111111111111111111111111111111111111111111111111111111111111111111111
33333333333333333333333333333333333333333333333333333333333333333333333333333333333333331111111111111111111111111111111111111111111111111111111111111111111111111111111111111
33333333333333333333333333333333333333333333333333333333333333333333333333333333333333331111111111111111111111111111111111111111111111111111111111111111111111111111111111111
33333333333333333333333333333333333333333333333333333333333333333333333333333333333333331111111111111111111111111111111111111111111111111111111111111111111111111111111111111
33333333333333333333333333333333333333333333333333333333333333333333333333333333333333331111111111111111111111111111111111111111111111111111111111111111111111111111111111111
33333333333333333333333333333333333333333333333333333333333333333333333333333333333333331111111111111111111111111111111111111111111111111111111111111111111111111111111111111
33333333333333333333333333333333333333333333333333333333333333333333333333333333333333331111111111111111111111111111111111111111111111111111111111111111111111111111111111111
33333333333333333333333333333333333333333333333333333333333333333333333333333333333333331111111111111111111111111111111111111111111111111111111111111111111111111111111111111
33333333333333333333333333333333333333333333333333333333333333333333333333333333333333331111111111111111111111111111111111111111111111111111111111111111111111111111111111111
33333333333333333333333333333333333333333333333333333333333333333333333333333333333333331111111111111111111111111111111111111111111111111111111111111111111111111111111111111
33333333333333333333333333333333333333333333333333333333333333333333333333333333333333331111111111111111111111111111111111111111111111111111111111111111111111111111111111111
33333333333333333333333333333333333333333333333333333333333333333333333333333333333333331111111111111111111111111111111111111111111111111111111111111111111111111111111111111
33333333333333333333333333333333333333333333333333333333333333333333333333333333333333331111111111111111111111111111111111111111111111111111111111111111111111111111111111111
33333333333333333333333333333333333333333333333333333333333333333333333333333333333333331111111111111111111111111111111111111111111111111111111111111111111111111111111111111
33333333333333333333333333333333333333333333333333333333333333333333333333333333333333331111111111111111111111111111111111111111111111111111111111111111111111111111111111111
33333333333333333333333333333333333333333333333333333333333333333333333333333333333333331111111111111111111111111111111111111111111111111111111111111111111111111111111111111
33333333333333333333333333333333333333333333333333333333333333333333333333333333333333331111111111111111111111111111111111111111111111111111111111111111111111111111111111111
33333333333333333333333333333333333333333333333333333333333333333333333333333333333333331111111111111111111111111111111111111111111111111111111111111111111111111111111111111
03333333333333333333333333333333333333333333333333333333333333333333333333333333333333222211111111111111111111111111111111111111111111111111111111111111111111111111111111111
00033333333333333333333333333333333333333333333333333333333333333333333333333333333322222221111111111111111111111111111111111111111111111111111111111111111111111111111111110
00003333333333333333333333333333333333333333333333333333333333333333333333333333333222222222211111111111111111111111111111111111111111111111111111111111111111111111111111100
00000033333333333333333333333333333333333333333333333333333333333333333333333333322222222222222111111111111111111111111111111111111111111111111111111111111111111111111110000
00000000333333333333333333333333333333333333333333333333333333333333333333333332222222222222222221111111111111111111111111111111111111111111111111111111111111111111111000000
00000000003333333333333333333333333333333333333333333333333333333333333333333222222222222222222222111111111111111111111111111111111111111111111111111111111111111111110000000
00000000000333333333333333333333333333333333333333333333333333333333333333332222222222222222222222221111111111111111111111111111111111111111111111111111111111111111000000000
00000000000003333333333333333333333333333333333333333333333333333333333333222222222222222222222222222211111111111111111111111111111111111111111111111111111111111100000000000
00000000000000033333333333333333333333333333333333333333333333333333333322222222222222222222222222222222111111111111111111111111111111111111111111111111111111111000000000000
00000000000000003333333333333333333333333333333333333333333333333333332222222222222222222222222222222222211111111111111111111111111111111111111111111111111111100000000000000
00000000000000000033333333333333333333333333333333333333333333333333322222222222222222222222222222222222222111111111111111111111111111111111111111111111111110000000000000000
00000000000000000000333333333333333333333333333333333333333333333332222222222222222222222222222222222222222221111111111111111111111111111111111111111111111000000000000000000
00000000000000000000003333333333333333333333333333333333333333333222222222222222222222222222222222222222222222111111111111111111111111111111111111111111110000000000000000000
00000000000000000000000033333333333333333333333333333333333333322222222222222222222222222222222222222222222222221111111111111111111111111111111111111111000000000000000000000
00000000000000000000000003333333333333333333333333333333333333222222222222222222222222222222222222222222222222222211111111111111111111111111111111111100000000000000000000000
00000000000000000000000000033333333333333333333333333333333322222222222222222222222222222222222222222222222222222222111111111111111111111111111111110000000000000000000000000
00000000000000000000000000000333333333333333333333333333332222222222222222222222222222222222222222222222222222222222211111111111111111111111111111100000000000000000000000000
00000000000000000000000000000033333333333333333333333333322222222222222222222222222222222222222222222222222222222222222111111111111111111111111110000000000000000000000000000
00000000000000000000000000000000333333333333333333333332222222222222222222222222222222222222222222222222222222222222222221111111111111111111111000000000000000000000000000000
00000000000000000000000000000000003333333333333333333222222222222222222222222222222222222222222222222222222222222222222222211111111111111111100000000000000000000000000000000
00000000000000000000000000000000000033333333333333322222222222222222222222222222222222222222222222222222222222222222222222221111111111111111000000000000000000000000000000000
00000000000000000000000000000000000003333333333332222222222222222222222222222222222222222222222222222222222222222222222222222211111111111100000000000000000000000000000000000
00000000000000000000000000000000000000033333333222222222222222222222222222222222222222222222222222222222222222222222222222222222111111110000000000000000000000000000000000000
00000000000000000000000000000000000000000333322222222222222222222222222222222222222222222222222222222222222222222222222222222222221111100000000000000000000000000000000000000
00000000000000000000000000000000000000000002222222222222222222222222222222222222222222222222222222222222222222222222222222222222222110000000000000000000000000000000000000000
00000000000000000000000000000000000000000002222222222222222222222222222222222222222222222222222222222222222222222222222222222222222200000000000000000000000000000000000000000
00000000000000000000000000000000000000000000222222222222222222222222222222222222222222222222222222222222222222222222222222222222222200000000000000000000000000000000000000000
00000000000000000000000000000000000000000000222222222222222222222222222222222222222222222222222222222222222222222222222222222222222200000000000000000000000000000000000000000
00000000000000000000000000000000000000000000222222222222222222222222222222222222222222222222222222222222222222222222222222222222222200000000000000000000000000000000000000000
00000000000000000000000000000000000000000000222222222222222222222222222222222222222222222222222222222222222222222222222222222222222200000000000000000000000000000000000000000
00000000000000000000000000000000000000000000222222222222222222222222222222222222222222222222222222222222222222222222222222222222222200000000000000000000000000000000000000000
00000000000000000000000000000000000000000000222222222222222222222222222222222222222222222222222222222222222222222222222222222222222200000000000000000000000000000000000000000
00000000000000000000000000000000000000000000222222222222222222222222222222222222222222222222222222222222222222222222222222222222222200000000000000000000000000000000000000000
00000000000000000000000000000000000000000000222222222222222222222222222222222222222222222222222222222222222222222222222222222222222200000000000000000000000000000000000000000
00000000000000000000000000000000000000000000222222222222222222222222222222222222222222222222222222222222222222222222222222222222222200000000000000000000000000000000000000000
00000000000000000000000000000000000000000000222222222222222222222222222222222222222222222222222222222222222222222222222222222222222200000000000000000000000000000000000000000
00000000000000000000000000000000000000000000222222222222222222222222222222222222222222222222222222222222222222222222222222222222222200000000000000000000000000000000000000000
00000000000000000000000000000000000000000000222222222222222222222222222222222222222222222222222222222222222222222222222222222222222200000000000000000000000000000000000000000
00000000000000000000000000000000000000000000222222222222222222222222222222222222222222222222222222222222222222222222222222222222222200000000000000000000000000000000000000000
00000000000000000000000000000000000000000000222222222222222222222222222222222222222222222222222222222222222222222222222222222222222200000000000000000000000000000000000000000
00000000000000000000000000000000000000000000222222222222222222222222222222222222222222222222222222222222222222222222222222222222222200000000000000000000000000000000000000000
00000000000000000000000000000000000000000000222222222222222222222222222222222222222222222222222222222222222222222222222222222222222200000000000000000000000000000000000000000
00000000000000000000000000000000000000000000222222222222222222222222222222222222222222222222222222222222222222222222222222222222222200000000000000000000000000000000000000000
00000000000000000000000000000000000000000000222222222222222222222222222222222222222222222222222222222222222222222222222222222222222200000000000000000000000000000000000000000
00000000000000000000000000000000000000000000222222222222222222222222222222222222222222222222222222222222222222222222222222222222222200000000000000000000000000000000000000000
00000000000000000000000000000000000000000000222222222222222222222222222222222222222222222222222222222222222222222222222222222222222200000000000000000000000000000000000000000
00000000000000000000000000000000000000000000222222222222222222222222222222222222222222222222222222222222222222222222222222222222222200000000000000000000000000000000000000000
00000000000000000000000000000000000000000000222222222222222222222222222222222222222222222222222222222222222222222222222222222222222200000000000000000000000000000000000000000