000000000000000000000000000000000000000000000111111111111111111111111111111111111111111111111111111111111111111111111111111111111112222222222222222222222222222222222222222222222222222222222222222222222222222222222222222000000000000000000000000000000000000000000000
000000000000000000000000000000000000000000000111111111111111111111111111111111111111111111111111111111111111111111111111111111111112222222222222222222222222222222222222222222222222222222222222222222222222222222222222222000000000000000000000000000000000000000000000
000000000000000000000000000000000000000000000111111111111111111111111111111111111111111111111111111111111111111111111111111111111112222222222222222222222222222222222222222222222222222222222222222222222222222222222222222000000000000000000000000000000000000000000000
000000000000000000000000000000000000000000000111111111111111111111111111111111111111111111111111111111111111111111111111111111111112222222222222222222222222222222222222222222222222222222222222222222222222222222222222222000000000000000000000000000000000000000000000
000000000000000000000000000000000000000000000111111111111111111111111111111111111111111111111111111111111111111111111111111111111112222222222222222222222222222222222222222222222222222222222222222222222222222222222222222000000000000000000000000000000000000000000000
000000000000000000000000000000000000000000000111111111111111111111111111111111111111111111111111111111111111111111111111111111111112222222222222222222222222222222222222222222222222222222222222222222222222222222222222222000000000000000000000000000000000000000000000
000000000000000000000000000000000000000000000111111111111111111111111111111111111111111111111111111111111111111111111111111111111112222222222222222222222222222222222222222222222222222222222222222222222222222222222222222000000000000000000000000000000000000000000000
000000000000000000000000000000000000000000000111111111111111111111111111111111111111111111111111111111111111111111111111111111111112222222222222222222222222222222222222222222222222222222222222222222222222222222222222222000000000000000000000000000000000000000000000
000000000000000000000000000000000000000000000111111111111111111111111111111111111111111111111111111111111111111111111111111111111112222222222222222222222222222222222222222222222222222222222222222222222222222222222222222000000000000000000000000000000000000000000000
000000000000000000000000000000000000000000000111111111111111111111111111111111111111111111111111111111111111111111111111111111111112222222222222222222222222222222222222222222222222222222222222222222222222222222222222222000000000000000000000000000000000000000000000
000000000000000000000000000000000000000000000111111111111111111111111111111111111111111111111111111111111111111111111111111111111112222222222222222222222222222222222222222222222222222222222222222222222222222222222222222000000000000000000000000000000000000000000000
000000000000000000000000000000000000000000000111111111111111111111111111111111111111111111111111111111111111111111111111111111111112222222222222222222222222222222222222222222222222222222222222222222222222222222222222222000000000000000000000000000000000000000000000
000000000000000000000000000000000000000000000111111111111111111111111111111111111111111111111111111111111111111111111111111111111112222222222222222222222222222222222222222222222222222222222222222222222222222222222222222000000000000000000000000000000000000000000000
000000000000000000000000000000000000000000000111111111111111111111111111111111111111111111111111111111111111111111111111111111111112222222222222222222222222222222222222222222222222222222222222222222222222222222222222222000000000000000000000000000000000000000000000
000000000000000000000000000000000000000000000111111111111111111111111111111111111111111111111111111111111111111111111111111111111112222222222222222222222222222222222222222222222222222222222222222222222222222222222222222000000000000000000000000000000000000000000000
000000000000000000000000000000000000000000000111111111111111111111111111111111111111111111111111111111111111111111111111111111111112222222222222222222222222222222222222222222222222222222222222222222222222222222222222222000000000000000000000000000000000000000000000
000000000000000000000000000000000000000000000111111111111111111111111111111111111111111111111111111111111111111111111111111111111112222222222222222222222222222222222222222222222222222222222222222222222222222222222222222000000000000000000000000000000000000000000000
000000000000000000000000000000000000000000000111111111111111111111111111111111111111111111111111111111111111111111111111111111111112222222222222222222222222222222222222222222222222222222222222222222222222222222222222222000000000000000000000000000000000000000000000
000000000000000000000000000000000000000000000111111111111111111111111111111111111111111111111111111111111111111111111111111111111112222222222222222222222222222222222222222222222222222222222222222222222222222222222222222000000000000000000000000000000000000000000000
000000000000000000000000000000000000000000000111111111111111111111111111111111111111111111111111111111111111111111111111111111111112222222222222222222222222222222222222222222222222222222222222222222222222222222222222222000000000000000000000000000000000000000000000
000000000000000000000000000000000000000000000111111111111111111111111111111111111111111111111111111111111111111111111111111111111112222222222222222222222222222222222222222222222222222222222222222222222222222222222222222000000000000000000000000000000000000000000000
000000000000000000000000000000000000000000000111111111111111111111111111111111111111111111111111111111111111111111111111111111111112222222222222222222222222222222222222222222222222222222222222222222222222222222222222222000000000000000000000000000000000000000000000
000000000000000000000000000000000000000000000111111111111111111111111111111111111111111111111111111111111111111111111111111111111112222222222222222222222222222222222222222222222222222222222222222222222222222222222222222000000000000000000000000000000000000000000000
000000000000000000000000000000000000000000000111111111111111111111111111111111111111111111111111111111111111111111111111111111111112222222222222222222222222222222222222222222222222222222222222222222222222222222222222222000000000000000000000000000000000000000000000
000000000000000000000000000000000000000000000111111111111111111111111111111111111111111111111111111111111111111111111111111111111112222222222222222222222222222222222222222222222222222222222222222222222222222222222222222000000000000000000000000000000000000000000000
000000000000000000000000000000000000000000002111111111111111111111111111111111111111111111111111111111111111111111111111111111111112222222222222222222222222222222222222222222222222222222222222222222222222222222222222222000000000000000000000000000000000000000000000
000000000000000000000000000000000000000000022211111111111111111111111111111111111111111111111111111111111111111111111111111111111112222222222222222222222222222222222222222222222222222222222222222222222222222222222222222000000000000000000000000000000000000000000000
000000000000000000000000000000000000000000222221111111111111111111111111111111111111111111111111111111111111111111111111111111111110022222222222222222222222222222222222222222222222222222222222222222222222222222222222222110000000000000000000000000000000000000000000
000000000000000000000000000000000000000022222222211111111111111111111111111111111111111111111111111111111111111111111111111111111100002222222222222222222222222222222222222222222222222222222222222222222222222222222222211111000000000000000000000000000000000000000000
000000000000000000000000000000000000002222222222222111111111111111111111111111111111111111111111111111111111111111111111111111110000000022222222222222222222222222222222222222222222222222222222222222222222222222222221111111110000000000000000000000000000000000000000
000000000000000000000000000000000000222222222222222211111111111111111111111111111111111111111111111111111111111111111111111111000000000000222222222222222222222222222222222222222222222222222222222222222222222222222211111111111100000000000000000000000000000000000000
000000000000000000000000000000000002222222222222222222111111111111111111111111111111111111111111111111111111111111111111111100000000000000022222222222222222222222222222222222222222222222222222222222222222222222221111111111111111000000000000000000000000000000000000
000000000000000000000000000000000222222222222222222222221111111111111111111111111111111111111111111111111111111111111111111000000000000000000222222222222222222222222222222222222222222222222222222222222222222222111111111111111111100000000000000000000000000000000000
000000000000000000000000000000022222222222222222222222222211111111111111111111111111111111111111111111111111111111111111110000000000000000000002222222222222222222222222222222222222222222222222222222222222222211111111111111111111111000000000000000000000000000000000
000000000000000000000000000002222222222222222222222222222221111111111111111111111111111111111111111111111111111111111110000000000000000000000000022222222222222222222222222222222222222222222222222222222222222111111111111111111111111110000000000000000000000000000000
000000000000000000000000000022222222222222222222222222222222211111111111111111111111111111111111111111111111111111111100000000000000000000000000002222222222222222222222222222222222222222222222222222222222211111111111111111111111111111100000000000000000000000000000
000000000000000000000000002222222222222222222222222222222222222111111111111111111111111111111111111111111111111111110000000000000000000000000000000002222222222222222222222222222222222222222222222222222211111111111111111111111111111111110000000000000000000000000000
000000000000000000000000222222222222222222222222222222222222222211111111111111111111111111111111111111111111111111000000000000000000000000000000000000222222222222222222222222222222222222222222222222222111111111111111111111111111111111111100000000000000000000000000
000000000000000000000022222222222222222222222222222222222222222221111111111111111111111111111111111111111111111100000000000000000000000000000000000000002222222222222222222222222222222222222222222222221111111111111111111111111111111111111111000000000000000000000000
000000000000000000000222222222222222222222222222222222222222222222211111111111111111111111111111111111111111111000000000000000000000000000000000000000000022222222222222222222222222222222222222222222111111111111111111111111111111111111111111100000000000000000000000
000000000000000000022222222222222222222222222222222222222222222222222111111111111111111111111111111111111111100000000000000000000000000000000000000000000002222222222222222222222222222222222222222211111111111111111111111111111111111111111111111000000000000000000000
000000000000000002222222222222222222222222222222222222222222222222222211111111111111111111111111111111111110000000000000000000000000000000000000000000000000022222222222222222222222222222222222222111111111111111111111111111111111111111111111111110000000000000000000
000000000000000022222222222222222222222222222222222222222222222222222222111111111111111111111111111111111000000000000000000000000000000000000000000000000000000222222222222222222222222222222222211111111111111111111111111111111111111111111111111111100000000000000000
000000000000002222222222222222222222222222222222222222222222222222222222211111111111111111111111111111110000000000000000000000000000000000000000000000000000000022222222222222222222222222222221111111111111111111111111111111111111111111111111111111110000000000000000
000000000000222222222222222222222222222222222222222222222222222222222222221111111111111111111111111111000000000000000000000000000000000000000000000000000000000000222222222222222222222222222111111111111111111111111111111111111111111111111111111111111100000000000000
000000000022222222222222222222222222222222222222222222222222222222222222222211111111111111111111111100000000000000000000000000000000000000000000000000000000000000022222222222222222222222221111111111111111111111111111111111111111111111111111111111111111000000000000
000000000222222222222222222222222222222222222222222222222222222222222222222222111111111111111111111000000000000000000000000000000000000000000000000000000000000000000022222222222222222222211111111111111111111111111111111111111111111111111111111111111111110000000000
000000022222222222222222222222222222222222222222222222222222222222222222222222221111111111111111100000000000000000000000000000000000000000000000000000000000000000000002222222222222222211111111111111111111111111111111111111111111111111111111111111111111111000000000
000002222222222222222222222222222222222222222222222222222222222222222222222222222211111111111110000000000000000000000000000000000000000000000000000000000000000000000000022222222222222111111111111111111111111111111111111111111111111111111111111111111111111110000000
000222222222222222222222222222222222222222222222222222222222222222222222222222222221111111111000000000000000000000000000000000000000000000000000000000000000000000000000000222222222211111111111111111111111111111111111111111111111111111111111111111111111111111100000
002222222222222222222222222222222222222222222222222222222222222222222222222222222222211111110000000000000000000000000000000000000000000000000000000000000000000000000000000022222221111111111111111111111111111111111111111111111111111111111111111111111111111111110000
222222222222222222222222222222222222222222222222222222222222222222222222222222222222221111000000000000000000000000000000000000000000000000000000000000000000000000000000000000222111111111111111111111111111111111111111111111111111111111111111111111111111111111111100
222222222222222222222222222222222222222222222222222222222222222222222222222222222222222200000000000000000000000000000000000000000000000000000000000000000000000000000000000000011111111111111111111111111111111111111111111111111111111111111111111111111111111111111111
222222222222222222222222222222222222222222222222222222222222222222222222222222222222222200000000000000000000000000000000000000000000000000000000000000000000000000000000000000011111111111111111111111111111111111111111111111111111111111111111111111111111111111111111
222222222222222222222222222222222222222222222222222222222222222222222222222222222222222200000000000000000000000000000000000000000000000000000000000000000000000000000000000000011111111111111111111111111111111111111111111111111111111111111111111111111111111111111111
222222222222222222222222222222222222222222222222222222222222222222222222222222222222222200000000000000000000000000000000000000000000000000000000000000000000000000000000000000011111111111111111111111111111111111111111111111111111111111111111111111111111111111111111
222222222222222222222222222222222222222222222222222222222222222222222222222222222222222200000000000000000000000000000000000000000000000000000000000000000000000000000000000000011111111111111111111111111111111111111111111111111111111111111111111111111111111111111111
222222222222222222222222222222222222222222222222222222222222222222222222222222222222222200000000000000000000000000000000000000000000000000000000000000000000000000000000000000011111111111111111111111111111111111111111111111111111111111111111111111111111111111111111
222222222222222222222222222222222222222222222222222222222222222222222222222222222222222200000000000000000000000000000000000000000000000000000000000000000000000000000000000000011111111111111111111111111111111111111111111111111111111111111111111111111111111111111111
222222222222222222222222222222222222222222222222222222222222222222222222222222222222222200000000000000000000000000000000000000000000000000000000000000000000000000000000000000011111111111111111111111111111111111111111111111111111111111111111111111111111111111111111
222222222222222222222222222222222222222222222222222222222222222222222222222222222222222200000000000000000000000000000000000000000000000000000000000000000000000000000000000000011111111111111111111111111111111111111111111111111111111111111111111111111111111111111111
222222222222222222222222222222222222222222222222222222222222222222222222222222222222222200000000000000000000000000000000000000000000000000000000000000000000000000000000000000011111111111111111111111111111111111111111111111111111111111111111111111111111111111111111
222222222222222222222222222222222222222222222222222222222222222222222222222222222222222200000000000000000000000000000000000000000000000000000000000000000000000000000000000000011111111111111111111111111111111111111111111111111111111111111111111111111111111111111111
222222222222222222222222222222222222222222222222222222222222222222222222222222222222222200000000000000000000000000000000000000000000000000000000000000000000000000000000000000011111111111111111111111111111111111111111111111111111111111111111111111111111111111111111
222222222222222222222222222222222222222222222222222222222222222222222222222222222222222200000000000000000000000000000000000000000000000000000000000000000000000000000000000000011111111111111111111111111111111111111111111111111111111111111111111111111111111111111111
222222222222222222222222222222222222222222222222222222222222222222222222222222222222222200000000000000000000000000000000000000000000000000000000000000000000000000000000000000011111111111111111111111111111111111111111111111111111111111111111111111111111111111111111
222222222222222222222222222222222222222222222222222222222222222222222222222222222222222200000000000000000000000000000000000000000000000000000000000000000000000000000000000000011111111111111111111111111111111111111111111111111111111111111111111111111111111111111111
222222222222222222222222222222222222222222222222222222222222222222222222222222222222222200000000000000000000000000000000000000000000000000000000000000000000000000000000000000011111111111111111111111111111111111111111111111111111111111111111111111111111111111111111
222222222222222222222222222222222222222222222222222222222222222222222222222222222222222200000000000000000000000000000000000000000000000000000000000000000000000000000000000000011111111111111111111111111111111111111111111111111111111111111111111111111111111111111111
222222222222222222222222222222222222222222222222222222222222222222222222222222222222222200000000000000000000000000000000000000000000000000000000000000000000000000000000000000011111111111111111111111111111111111111111111111111111111111111111111111111111111111111111
222222222222222222222222222222222222222222222222222222222222222222222222222222222222222200000000000000000000000000000000000000000000000000000000000000000000000000000000000000011111111111111111111111111111111111111111111111111111111111111111111111111111111111111111
222222222222222222222222222222222222222222222222222222222222222222222222222222222222222200000000000000000000000000000000000000000000000000000000000000000000000000000000000000011111111111111111111111111111111111111111111111111111111111111111111111111111111111111111
222222222222222222222222222222222222222222222222222222222222222222222222222222222222222200000000000000000000000000000000000000000000000000000000000000000000000000000000000000011111111111111111111111111111111111111111111111111111111111111111111111111111111111111111
222222222222222222222222222222222222222222222222222222222222222222222222222222222222222200000000000000000000000000000000000000000000000000000000000000000000000000000000000000011111111111111111111111111111111111111111111111111111111111111111111111111111111111111111
222222222222222222222222222222222222222222222222222222222222222222222222222222222222222200000000000000000000000000000000000000000000000000000000000000000000000000000000000000011111111111111111111111111111111111111111111111111111111111111111111111111111111111111111
222222222222222222222222222222222222222222222222222222222222222222222222222222222222222200000000000000000000000000000000000000000000000000000000000000000000000000000000000000011111111111111111111111111111111111111111111111111111111111111111111111111111111111111111
222222222222222222222222222222222222222222222222222222222222222222222222222222222222222200000000000000000000000000000000000000000000000000000000000000000000000000000000000000011111111111111111111111111111111111111111111111111111111111111111111111111111111111111111
222222222222222222222222222222222222222222222222222222222222222222222222222222222222222200000000000000000000000000000000000000000000000000000000000000000000000000000000000000011111111111111111111111111111111111111111111111111111111111111111111111111111111111111111
222222222222222222222222222222222222222222222222222222222222222222222222222222222222222200000000000000000000000000000000000000000000000000000000000000000000000000000000000000011111111111111111111111111111111111111111111111111111111111111111111111111111111111111111
222222222222222222222222222222222222222222222222222222222222222222222222222222222222222200000000000000000000000000000000000000000000000000000000000000000000000000000000000000011111111111111111111111111111111111111111111111111111111111111111111111111111111111111111
222222222222222222222222222222222222222222222222222222222222222222222222222222222222222200000000000000000000000000000000000000000000000000000000000000000000000000000000000000011111111111111111111111111111111111111111111111111111111111111111111111111111111111111111
222222222222222222222222222222222222222222222222222222222222222222222222222222222222222200000000000000000000000000000000000000000000000000000000000000000000000000000000000000011111111111111111111111111111111111111111111111111111111111111111111111111111111111111111
222222222222222222222222222222222222222222222222222222222222222222222222222222222222222200000000000000000000000000000000000000000000000000000000000000000000000000000000000000011111111111111111111111111111111111111111111111111111111111111111111111111111111111111111
222222222222222222222222222222222222222222222222222222222222222222222222222222222222222200000000000000000000000000000000000000000000000000000000000000000000000000000000000000011111111111111111111111111111111111111111111111111111111111111111111111111111111111111111
222222222222222222222222222222222222222222222222222222222222222222222222222222222222222200000000000000000000000000000000000000000000000000000000000000000000000000000000000000011111111111111111111111111111111111111111111111111111111111111111111111111111111111111111
222222222222222222222222222222222222222222222222222222222222222222222222222222222222222200000000000000000000000000000000000000000000000000000000000000000000000000000000000000011111111111111111111111111111111111111111111111111111111111111111111111111111111111111111
222222222222222222222222222222222222222222222222222222222222222222222222222222222222222200000000000000000000000000000000000000000000000000000000000000000000000000000000000000011111111111111111111111111111111111111111111111111111111111111111111111111111111111111111
222222222222222222222222222222222222222222222222222222222222222222222222222222222222222200000000000000000000000000000000000000000000000000000000000000000000000000000000000000011111111111111111111111111111111111111111111111111111111111111111111111111111111111111111
222222222222222222222222222222222222222222222222222222222222222222222222222222222222222200000000000000000000000000000000000000000000000000000000000000000000000000000000000000011111111111111111111111111111111111111111111111111111111111111111111111111111111111111111
222222222222222222222222222222222222222222222222222222222222222222222222222222222222222200000000000000000000000000000000000000000000000000000000000000000000000000000000000000011111111111111111111111111111111111111111111111111111111111111111111111111111111111111111
222222222222222222222222222222222222222222222222222222222222222222222222222222222222222200000000000000000000000000000000000000000000000000000000000000000000000000000000000000011111111111111111111111111111111111111111111111111111111111111111111111111111111111111111
222222222222222222222222222222222222222222222222222222222222222222222222222222222222222200000000000000000000000000000000000000000000000000000000000000000000000000000000000000011111111111111111111111111111111111111111111111111111111111111111111111111111111111111111
222222222222222222222222222222222222222222222222222222222222222222222222222222222222222200000000000000000000000000000000000000000000000000000000000000000000000000000000000000011111111111111111111111111111111111111111111111111111111111111111111111111111111111111111
222222222222222222222222222222222222222222222222222222222222222222222222222222222222222200000000000000000000000000000000000000000000000000000000000000000000000000000000000000011111111111111111111111111111111111111111111111111111111111111111111111111111111111111111
222222222222222222222222222222222222222222222222222222222222222222222222222222222222222200000000000000000000000000000000000000000000000000000000000000000000000000000000000000011111111111111111111111111111111111111111111111111111111111111111111111111111111111111111
222222222222222222222222222222222222222222222222222222222222222222222222222222222222222200000000000000000000000000000000000000000000000000000000000000000000000000000000000000011111111111111111111111111111111111111111111111111111111111111111111111111111111111111111
222222222222222222222222222222222222222222222222222222222222222222222222222222222222222200000000000000000000000000000000000000000000000000000000000000000000000000000000000000011111111111111111111111111111111111111111111111111111111111111111111111111111111111111111
222222222222222222222222222222222222222222222222222222222222222222222222222222222222222200000000000000000000000000000000000000000000000000000000000000000000000000000000000000011111111111111111111111111111111111111111111111111111111111111111111111111111111111111111
222222222222222222222222222222222222222222222222222222222222222222222222222222222222222200000000000000000000000000000000000000000000000000000000000000000000000000000000000000011111111111111111111111111111111111111111111111111111111111111111111111111111111111111111
222222222222222222222222222222222222222222222222222222222222222222222222222222222222222200000000000000000000000000000000000000000000000000000000000000000000000000000000000000011111111111111111111111111111111111111111111111111111111111111111111111111111111111111111
222222222222222222222222222222222222222222222222222222222222222222222222222222222222222200000000000000000000000000000000000000000000000000000000000000000000000000000000000000011111111111111111111111111111111111111111111111111111111111111111111111111111111111111111
222222222222222222222222222222222222222222222222222222222222222222222222222222222222222200000000000000000000000000000000000000000000000000000000000000000000000000000000000000011111111111111111111111111111111111111111111111111111111111111111111111111111111111111111
222222222222222222222222222222222222222222222222222222222222222222222222222222222222222100000000000000000000000000000000000000000000000000000000000000000000000000000000000000011111111111111111111111111111111111111111111111111111111111111111111111111111111111111111
022222222222222222222222222222222222222222222222222222222222222222222222222222222222211110000000000000000000000000000000000000000000000000000000000000000000000000000000000002222111111111111111111111111111111111111111111111111111111111111111111111111111111111111100
000222222222222222222222222222222222222222222222222222222222222222222222222222222221111111100000000000000000000000000000000000000000000000000000000000000000000000000000000222222221111111111111111111111111111111111111111111111111111111111111111111111111111111111000
000002222222222222222222222222222222222222222222222222222222222222222222222222222111111111110000000000000000000000000000000000000000000000000000000000000000000000000000002222222222211111111111111111111111111111111111111111111111111111111111111111111111111111100000
000000022222222222222222222222222222222222222222222222222222222222222222222222221111111111111100000000000000000000000000000000000000000000000000000000000000000000000000222222222222222111111111111111111111111111111111111111111111111111111111111111111111111110000000
000000002222222222222222222222222222222222222222222222222222222222222222222222111111111111111111000000000000000000000000000000000000000000000000000000000000000000000022222222222222222211111111111111111111111111111111111111111111111111111111111111111111111000000000
000000000022222222222222222222222222222222222222222222222222222222222222222211111111111111111111100000000000000000000000000000000000000000000000000000000000000000002222222222222222222222111111111111111111111111111111111111111111111111111111111111111111110000000000
000000000000222222222222222222222222222222222222222222222222222222222222222111111111111111111111111000000000000000000000000000000000000000000000000000000000000000022222222222222222222222221111111111111111111111111111111111111111111111111111111111111111000000000000
000000000000002222222222222222222222222222222222222222222222222222222222221111111111111111111111111110000000000000000000000000000000000000000000000000000000000002222222222222222222222222222111111111111111111111111111111111111111111111111111111111111100000000000000
000000000000000222222222222222222222222222222222222222222222222222222221111111111111111111111111111111100000000000000000000000000000000000000000000000000000000222222222222222222222222222222222111111111111111111111111111111111111111111111111111111110000000000000000
000000000000000002222222222222222222222222222222222222222222222222222111111111111111111111111111111111110000000000000000000000000000000000000000000000000000002222222222222222222222222222222222211111111111111111111111111111111111111111111111111111100000000000000000
000000000000000000022222222222222222222222222222222222222222222222221111111111111111111111111111111111111100000000000000000000000000000000000000000000000000222222222222222222222222222222222222222111111111111111111111111111111111111111111111111110000000000000000000
000000000000000000002222222222222222222222222222222222222222222222111111111111111111111111111111111111111111000000000000000000000000000000000000000000000002222222222222222222222222222222222222222221111111111111111111111111111111111111111111111000000000000000000000
000000000000000000000022222222222222222222222222222222222222222211111111111111111111111111111111111111111111110000000000000000000000000000000000000000000222222222222222222222222222222222222222222222111111111111111111111111111111111111111111110000000000000000000000
000000000000000000000000222222222222222222222222222222222222221111111111111111111111111111111111111111111111111000000000000000000000000000000000000000002222222222222222222222222222222222222222222222211111111111111111111111111111111111111111000000000000000000000000
000000000000000000000000002222222222222222222222222222222222211111111111111111111111111111111111111111111111111110000000000000000000000000000000000000222222222222222222222222222222222222222222222222222111111111111111111111111111111111111100000000000000000000000000
000000000000000000000000000222222222222222222222222222222221111111111111111111111111111111111111111111111111111111100000000000000000000000000000000022222222222222222222222222222222222222222222222222222221111111111111111111111111111111110000000000000000000000000000
000000000000000000000000000002222222222222222222222222222111111111111111111111111111111111111111111111111111111111111000000000000000000000000000002222222222222222222222222222222222222222222222222222222222111111111111111111111111111111100000000000000000000000000000
000000000000000000000000000000022222222222222222222222211111111111111111111111111111111111111111111111111111111111111100000000000000000000000000122222222222222222222222222222222222222222222222222222222222221111111111111111111111111110000000000000000000000000000000
000000000000000000000000000000000222222222222222222222111111111111111111111111111111111111111111111111111111111111111111000000000000000000000022222222222222222222222222222222222222222222222222222222222222222211111111111111111111111000000000000000000000000000000000
000000000000000000000000000000000022222222222222222211111111111111111111111111111111111111111111111111111111111111111111110000000000000000000222222222222222222222222222222222222222222222222222222222222222222221111111111111111111100000000000000000000000000000000000
000000000000000000000000000000000000222222222222221111111111111111111111111111111111111111111111111111111111111111111111111000000000000000022222222222222222222222222222222222222222222222222222222222222222222222211111111111111111000000000000000000000000000000000000
000000000000000000000000000000000000002222222222211111111111111111111111111111111111111111111111111111111111111111111111111110000000000002222222222222222222222222222222222222222222222222222222222222222222222222222111111111111100000000000000000000000000000000000000
000000000000000000000000000000000000000022222221111111111111111111111111111111111111111111111111111111111111111111111111111111100000000222222222222222222222222222222222222222222222222222222222222222222222222222222221111111110000000000000000000000000000000000000000
000000000000000000000000000000000000000000222221111111111111111111111111111111111111111111111111111111111111111111111111111111111000022222222222222222222222222222222222222222222222222222222222222222222222222222222222111111000000000000000000000000000000000000000000
000000000000000000000000000000000000000000002211111111111111111111111111111111111111111111111111111111111111111111111111111111111100222222222222222222222222222222222222222222222222222222222222222222222222222222222222221110000000000000000000000000000000000000000000
000000000000000000000000000000000000000000000111111111111111111111111111111111111111111111111111111111111111111111111111111111111112222222222222222222222222222222222222222222222222222222222222222222222222222222222222222200000000000000000000000000000000000000000000
000000000000000000000000000000000000000000000111111111111111111111111111111111111111111111111111111111111111111111111111111111111112222222222222222222222222222222222222222222222222222222222222222222222222222222222222222200000000000000000000000000000000000000000000
000000000000000000000000000000000000000000000111111111111111111111111111111111111111111111111111111111111111111111111111111111111112222222222222222222222222222222222222222222222222222222222222222222222222222222222222222200000000000000000000000000000000000000000000
000000000000000000000000000000000000000000000111111111111111111111111111111111111111111111111111111111111111111111111111111111111112222222222222222222222222222222222222222222222222222222222222222222222222222222222222222200000000000000000000000000000000000000000000
000000000000000000000000000000000000000000000111111111111111111111111111111111111111111111111111111111111111111111111111111111111112222222222222222222222222222222222222222222222222222222222222222222222222222222222222222200000000000000000000000000000000000000000000
000000000000000000000000000000000000000000000111111111111111111111111111111111111111111111111111111111111111111111111111111111111112222222222222222222222222222222222222222222222222222222222222222222222222222222222222222200000000000000000000000000000000000000000000
000000000000000000000000000000000000000000000111111111111111111111111111111111111111111111111111111111111111111111111111111111111112222222222222222222222222222222222222222222222222222222222222222222222222222222222222222200000000000000000000000000000000000000000000
000000000000000000000000000000000000000000000111111111111111111111111111111111111111111111111111111111111111111111111111111111111112222222222222222222222222222222222222222222222222222222222222222222222222222222222222222200000000000000000000000000000000000000000000
000000000000000000000000000000000000000000000111111111111111111111111111111111111111111111111111111111111111111111111111111111111112222222222222222222222222222222222222222222222222222222222222222222222222222222222222222200000000000000000000000000000000000000000000
000000000000000000000000000000000000000000000111111111111111111111111111111111111111111111111111111111111111111111111111111111111112222222222222222222222222222222222222222222222222222222222222222222222222222222222222222200000000000000000000000000000000000000000000
000000000000000000000000000000000000000000000111111111111111111111111111111111111111111111111111111111111111111111111111111111111112222222222222222222222222222222222222222222222222222222222222222222222222222222222222222200000000000000000000000000000000000000000000
000000000000000000000000000000000000000000000111111111111111111111111111111111111111111111111111111111111111111111111111111111111112222222222222222222222222222222222222222222222222222222222222222222222222222222222222222200000000000000000000000000000000000000000000
000000000000000000000000000000000000000000000111111111111111111111111111111111111111111111111111111111111111111111111111111111111112222222222222222222222222222222222222222222222222222222222222222222222222222222222222222200000000000000000000000000000000000000000000
000000000000000000000000000000000000000000000111111111111111111111111111111111111111111111111111111111111111111111111111111111111112222222222222222222222222222222222222222222222222222222222222222222222222222222222222222200000000000000000000000000000000000000000000
000000000000000000000000000000000000000000000111111111111111111111111111111111111111111111111111111111111111111111111111111111111112222222222222222222222222222222222222222222222222222222222222222222222222222222222222222200000000000000000000000000000000000000000000
000000000000000000000000000000000000000000000111111111111111111111111111111111111111111111111111111111111111111111111111111111111112222222222222222222222222222222222222222222222222222222222222222222222222222222222222222200000000000000000000000000000000000000000000
000000000000000000000000000000000000000000000111111111111111111111111111111111111111111111111111111111111111111111111111111111111112222222222222222222222222222222222222222222222222222222222222222222222222222222222222222200000000000000000000000000000000000000000000
000000000000000000000000000000000000000000000111111111111111111111111111111111111111111111111111111111111111111111111111111111111112222222222222222222222222222222222222222222222222222222222222222222222222222222222222222200000000000000000000000000000000000000000000
000000000000000000000000000000000000000000000111111111111111111111111111111111111111111111111111111111111111111111111111111111111112222222222222222222222222222222222222222222222222222222222222222222222222222222222222222200000000000000000000000000000000000000000000
000000000000000000000000000000000000000000000111111111111111111111111111111111111111111111111111111111111111111111111111111111111112222222222222222222222222222222222222222222222222222222222222222222222222222222222222222200000000000000000000000000000000000000000000
000000000000000000000000000000000000000000000111111111111111111111111111111111111111111111111111111111111111111111111111111111111112222222222222222222222222222222222222222222222222222222222222222222222222222222222222222200000000000000000000000000000000000000000000
000000000000000000000000000000000000000000000111111111111111111111111111111111111111111111111111111111111111111111111111111111111112222222222222222222222222222222222222222222222222222222222222222222222222222222222222222200000000000000000000000000000000000000000000
000000000000000000000000000000000000000000000111111111111111111111111111111111111111111111111111111111111111111111111111111111111112222222222222222222222222222222222222222222222222222222222222222222222222222222222222222200000000000000000000000000000000000000000000
000000000000000000000000000000000000000000000111111111111111111111111111111111111111111111111111111111111111111111111111111111111112222222222222222222222222222222222222222222222222222222222222222222222222222222222222222200000000000000000000000000000000000000000000
000000000000000000000000000000000000000000000111111111111111111111111111111111111111111111111111111111111111111111111111111111111112222222222222222222222222222222222222222222222222222222222222222222222222222222222222222200000000000000000000000000000000000000000000
000000000000000000000000000000000000000000000111111111111111111111111111111111111111111111111111111111111111111111111111111111111112222222222222222222222222222222222222222222222222222222222222222222222222222222222222222200000000000000000000000000000000000000000000